1 0.6609375 0.5140625 0.0140625 0.015625
1 0.6765625 0.51875 0.015625 0.0140625
1 0.70625 0.5328125 0.015625 0.0140625
1 0.66875 0.5421875 0.015625 0.0140625
1 0.684375 0.5484375 0.015625 0.0140625
1 0.7 0.55625 0.0140625 0.0140625
1 0.6765625 0.5734375 0.0171875 0.0171875
3 0.6640625 0.528125 0.015625 0.015625
3 0.690625 0.5265625 0.015625 0.015625
3 0.6953125 0.540625 0.015625 0.015625
3 0.7109375 0.5484375 0.015625 0.0171875
3 0.721875 0.540625 0.015625 0.0171875
3 0.671875 0.55625 0.0171875 0.015625
3 0.6875 0.5640625 0.0171875 0.0171875
0 0.6796875 0.5328125 0.015625 0.015625
2 0.4671875 0.35 0.0140625 0.0140625