0 0.73359375 0.475 0.0265625 0.025
1 0.12109375 0.46015625 0.025 0.0234375
1 0.884375 0.5734375 0.03125 0.0265625
1 0.8171875 0.51796875 0.028125 0.025
1 0.259375 0.509375 0.0265625 0.0234375
1 0.83125 0.375 0.0265625 0.0265625
3 0.82890625 0.5625 0.028125 0.0265625
3 0.71328125 0.421875 0.0265625 0.0265625
1 0.75703125 0.65703125 0.0265625 0.0265625
1 0.16484375 0.4578125 0.028125 0.0265625
3 0.7375 0.315625 0.0296875 0.0265625
3 0.47890625 0.31328125 0.0265625 0.0265625
3 0.9046875 0.67421875 0.0265625 0.0265625
3 0.16484375 0.528125 0.03125 0.0265625
3 0.4328125 0.446875 0.0296875 0.0265625
2 0.57734375 0.47890625 0.0265625 0.025