2 0.6515625 0.371875 0.028125 0.028125
0 0.7234375 0.54921875 0.0265625 0.025
1 0.70390625 0.37109375 0.028125 0.028125
1 0.878125 0.45078125 0.028125 0.028125
1 0.8703125 0.55703125 0.028125 0.0265625
1 0.7640625 0.471875 0.0265625 0.0265625
1 0.703125 0.5953125 0.028125 0.0265625
1 0.72109375 0.63125 0.0296875 0.028125
3 0.7578125 0.4109375 0.028125 0.0296875
3 0.9078125 0.47265625 0.028125 0.0296875
3 0.71171875 0.40390625 0.0265625 0.0265625
3 0.65390625 0.578125 0.0296875 0.028125
3 0.83671875 0.553125 0.028125 0.0265625
3 0.81953125 0.69765625 0.0296875 0.028125
3 0.63046875 0.69609375 0.0296875 0.028125