1 0.17734375 0.38515625 0.0296875 0.0265625
1 0.46328125 0.525 0.028125 0.028125
1 0.165625 0.6625 0.0296875 0.0296875
1 0.83984375 0.503125 0.0265625 0.0234375
1 0.853125 0.48203125 0.028125 0.025
3 0.871875 0.39140625 0.0265625 0.028125
3 0.8140625 0.42578125 0.0265625 0.028125
3 0.52890625 0.51171875 0.028125 0.0265625
3 0.665625 0.68359375 0.028125 0.0265625
3 0.51171875 0.596875 0.025 0.0265625
3 0.45234375 0.67109375 0.0265625 0.0265625
0 0.56171875 0.4046875 0.0234375 0.0265625
2 0.7859375 0.459375 0.025 0.025