3 0.784375 0.4921875 0.015625 0.0171875
3 0.771875 0.48125 0.0171875 0.0171875
3 0.67265625 0.5484375 0.015625 0.0171875
3 0.69765625 0.5390625 0.0171875 0.015625
3 0.51640625 0.4453125 0.0171875 0.015625
3 0.51953125 0.5359375 0.0171875 0.015625
1 0.6703125 0.696875 0.0203125 0.01875
1 0.77734375 0.6203125 0.01875 0.0203125
1 0.775 0.509375 0.0171875 0.0171875
1 0.7046875 0.49609375 0.0171875 0.015625
1 0.56875 0.3046875 0.0125 0.015625
1 0.4921875 0.4203125 0.015625 0.015625
1 0.546875 0.50703125 0.0171875 0.0171875
0 0.61875 0.50546875 0.0171875 0.0171875
2 0.696875 0.4796875 0.015625 0.0171875