3 0.78203125 0.53671875 0.0171875 0.01875
3 0.77109375 0.52421875 0.01875 0.01875
3 0.6890625 0.56953125 0.01875 0.0171875
3 0.53984375 0.36015625 0.015625 0.0171875
3 0.51328125 0.53984375 0.01875 0.0171875
1 0.68671875 0.4171875 0.01875 0.01875
1 0.7546875 0.66171875 0.021875 0.0234375
1 0.78828125 0.5484375 0.01875 0.01875
1 0.5453125 0.26953125 0.015625 0.015625
1 0.5984375 0.31796875 0.0140625 0.0171875
1 0.5046875 0.4203125 0.0171875 0.01875
3 0.778125 0.59609375 0.01875 0.0171875
0 0.61640625 0.52421875 0.01875 0.01875
2 0.4859375 0.45234375 0.015625 0.0171875