2 0.6078125 0.45078125 0.0265625 0.0265625
0 0.6859375 0.5046875 0.025 0.025
3 0.4640625 0.4546875 0.028125 0.028125
3 0.15390625 0.625 0.0296875 0.028125
3 0.4640625 0.50625 0.0296875 0.028125
3 0.715625 0.3078125 0.028125 0.028125
3 0.7609375 0.4 0.028125 0.028125
3 0.79765625 0.42734375 0.028125 0.028125
1 0.86171875 0.303125 0.028125 0.028125
1 0.4140625 0.628125 0.025 0.025
1 0.5578125 0.678125 0.025 0.0265625
1 0.840625 0.67734375 0.028125 0.028125
1 0.74140625 0.52734375 0.0265625 0.025
1 0.6859375 0.45625 0.0234375 0.0234375
1 0.77265625 0.340625 0.0265625 0.0265625