1 0.18359375 0.36875 0.03125 0.0265625
1 0.46171875 0.5234375 0.0296875 0.0296875
1 0.1578125 0.64609375 0.03125 0.0265625
1 0.74609375 0.5203125 0.028125 0.028125
1 0.83984375 0.52109375 0.028125 0.025
1 0.853125 0.50078125 0.0296875 0.0265625
1 0.32421875 0.53984375 0.0265625 0.028125
3 0.87734375 0.4109375 0.028125 0.0296875
3 0.81796875 0.4390625 0.028125 0.0296875
3 0.7015625 0.5125 0.028125 0.028125
3 0.84765625 0.6640625 0.0296875 0.028125
3 0.65625 0.6921875 0.0296875 0.028125
3 0.5375 0.68359375 0.0265625 0.028125
3 0.44296875 0.66875 0.028125 0.028125
0 0.7078125 0.53828125 0.025 0.028125
2 0.6828125 0.434375 0.0265625 0.028125