3 0.2078125 0.409375 0.1640625 0.159375
3 0.44140625 0.3296875 0.121875 0.1171875
3 0.4484375 0.41015625 0.1359375 0.121875
3 0.45625 0.51953125 0.1609375 0.1609375
3 0.7453125 0.64921875 0.18125 0.1765625
3 0.70546875 0.52109375 0.1546875 0.153125
3 0.63515625 0.3421875 0.1203125 0.1140625
1 0.3375 0.36015625 0.1265625 0.1234375
1 0.32890625 0.46484375 0.159375 0.15625
1 0.5953125 0.5859375 0.1625 0.165625
1 0.6671875 0.42265625 0.1265625 0.121875
1 0.55 0.375 0.1171875 0.121875
1 0.534375 0.29765625 0.103125 0.1
1 0.6171875 0.278125 0.1 0.1046875
0 0.57421875 0.46875 0.14375 0.140625