2 0.8921875 0.578125 0.0296875 0.0296875
0 0.71875 0.56484375 0.028125 0.0265625
1 0.89609375 0.5 0.028125 0.0296875
1 0.88046875 0.47734375 0.0296875 0.0296875
1 0.86953125 0.52421875 0.0296875 0.028125
1 0.88515625 0.43515625 0.028125 0.028125
1 0.6703125 0.5890625 0.0296875 0.028125
1 0.70546875 0.659375 0.03125 0.0296875
3 0.76328125 0.42890625 0.0296875 0.03125
3 0.71328125 0.74453125 0.0296875 0.03125
3 0.71796875 0.41875 0.028125 0.028125
3 0.64765625 0.58828125 0.03125 0.0296875
3 0.68359375 0.64375 0.0296875 0.028125
3 0.80546875 0.71953125 0.03125 0.0296875
3 0.61640625 0.7046875 0.03125 0.0296875