1 0.6609375 0.5109375 0.0140625 0.015625
1 0.6765625 0.515625 0.015625 0.0140625
1 0.70703125 0.52890625 0.015625 0.0140625
1 0.66953125 0.5390625 0.015625 0.0140625
1 0.68515625 0.5453125 0.015625 0.0140625
1 0.70078125 0.553125 0.0140625 0.0140625
1 0.678125 0.5703125 0.0171875 0.0171875
3 0.66484375 0.525 0.015625 0.015625
3 0.69140625 0.5234375 0.015625 0.015625
3 0.69609375 0.5375 0.015625 0.015625
3 0.71171875 0.54453125 0.015625 0.0171875
3 0.72265625 0.53671875 0.015625 0.0171875
3 0.67265625 0.553125 0.0171875 0.015625
3 0.68828125 0.5609375 0.0171875 0.0171875
0 0.68046875 0.5296875 0.015625 0.015625
2 0.46484375 0.35078125 0.0140625 0.0140625