3 0.2125 0.403125 0.15 0.140625
3 0.35625 0.403125 0.14375 0.1453125
3 0.6421875 0.39375 0.1421875 0.14375
3 0.3828125 0.259375 0.1078125 0.109375
3 0.4953125 0.2546875 0.11875 0.10625
3 0.6125 0.253125 0.1234375 0.10625
3 0.4953125 0.1578125 0.09375 0.0859375
1 0.44375 0.203125 0.0984375 0.0921875
1 0.553125 0.1984375 0.09375 0.0875
1 0.3015625 0.321875 0.1234375 0.11875
1 0.5609375 0.315625 0.1296875 0.11875
1 0.69375 0.3109375 0.1296875 0.1125
1 0.496875 0.3984375 0.140625 0.14375
1 0.7890625 0.390625 0.1484375 0.1453125
0 0.4328125 0.325 0.1265625 0.1265625