1 0.16171875 0.44921875 0.0296875 0.0265625
1 0.45390625 0.5234375 0.028125 0.028125
1 0.48828125 0.5375 0.025 0.025
1 0.834375 0.43828125 0.0265625 0.025
1 0.84296875 0.415625 0.028125 0.0265625
3 0.84453125 0.32265625 0.028125 0.0296875
3 0.79375 0.3671875 0.028125 0.0296875
3 0.53046875 0.5046875 0.028125 0.028125
3 0.69765625 0.64921875 0.0296875 0.028125
3 0.49296875 0.6265625 0.0265625 0.0265625
3 0.4859375 0.67734375 0.028125 0.028125
0 0.5421875 0.3953125 0.025 0.0265625
2 0.25390625 0.6421875 0.025 0.025