0 0.734375 0.51328125 0.0265625 0.0265625
1 0.13203125 0.4015625 0.025 0.0234375
1 0.86796875 0.6328125 0.0328125 0.028125
1 0.84296875 0.4921875 0.028125 0.0265625
1 0.27890625 0.53828125 0.0296875 0.0265625
1 0.846875 0.428125 0.028125 0.028125
3 0.81484375 0.61328125 0.0296875 0.028125
3 0.72265625 0.45625 0.028125 0.028125
1 0.72890625 0.6953125 0.028125 0.028125
1 0.175 0.40625 0.0296875 0.028125
3 0.76328125 0.3546875 0.03125 0.028125
3 0.50078125 0.31015625 0.028125 0.028125
3 0.534375 0.32109375 0.028125 0.028125
3 0.16484375 0.47578125 0.0328125 0.028125
3 0.74453125 0.371875 0.03125 0.028125
2 0.81328125 0.43203125 0.0265625 0.0265625