0 0.38671875 0.39296875 0.03125 0.028125
1 0.71875 0.5859375 0.03125 0.0296875
1 0.55859375 0.2890625 0.0296875 0.0296875
1 0.26484375 0.578125 0.03125 0.028125
1 0.67734375 0.49609375 0.0296875 0.0296875
3 0.21953125 0.38828125 0.03125 0.0296875
3 0.853125 0.27265625 0.0296875 0.0296875
1 0.8109375 0.603125 0.0328125 0.0296875
1 0.62109375 0.42890625 0.0296875 0.0296875
3 0.1734375 0.446875 0.0328125 0.03125
3 0.59140625 0.3828125 0.0296875 0.0296875
3 0.92890625 0.6015625 0.0296875 0.0296875
3 0.80078125 0.5796875 0.0328125 0.03125
2 0.8609375 0.3265625 0.0296875 0.028125
1 0.44765625 0.32109375 0.0296875 0.0296875