0 0.60625 0.60859375 0.0296875 0.028125
1 0.14921875 0.3515625 0.028125 0.0265625
1 0.84609375 0.6828125 0.034375 0.03125
1 0.8890625 0.5796875 0.03125 0.0296875
1 0.10078125 0.4875 0.03125 0.028125
1 0.75859375 0.43125 0.0296875 0.0296875
3 0.3171875 0.60546875 0.03125 0.03125
3 0.62109375 0.6265625 0.0296875 0.0296875
3 0.7078125 0.746875 0.03125 0.03125
1 0.65703125 0.67734375 0.0296875 0.0296875
1 0.11796875 0.43671875 0.034375 0.03125
3 0.4734375 0.37421875 0.03125 0.03125
3 0.1890625 0.4484375 0.0328125 0.03125
3 0.1265625 0.46796875 0.034375 0.0296875
2 0.653125 0.7125 0.0296875 0.028125