3 0.77890625 0.44296875 0.01875 0.0203125
3 0.7640625 0.434375 0.0203125 0.0203125
3 0.67890625 0.51796875 0.01875 0.0203125
3 0.7015625 0.50390625 0.0203125 0.01875
3 0.50625 0.44296875 0.0203125 0.01875
3 0.52578125 0.53359375 0.0203125 0.01875
1 0.70234375 0.6640625 0.0234375 0.021875
1 0.79375 0.5703125 0.021875 0.0234375
1 0.77265625 0.46171875 0.0203125 0.0203125
1 0.77421875 0.51015625 0.0203125 0.0203125
1 0.53359375 0.29609375 0.015625 0.0171875
1 0.47890625 0.42265625 0.01875 0.01875
1 0.54609375 0.49921875 0.0203125 0.0203125
0 0.61796875 0.48515625 0.0203125 0.0203125
2 0.71328125 0.403125 0.01875 0.01875