0 0.640625 0.55859375 0.028125 0.0265625
1 0.11875 0.5 0.0265625 0.025
1 0.88984375 0.5328125 0.0328125 0.0296875
1 0.8890625 0.42109375 0.0296875 0.0265625
1 0.12734375 0.64453125 0.0296875 0.025
1 0.7109375 0.33515625 0.028125 0.028125
3 0.7 0.6125 0.0296875 0.028125
3 0.3734375 0.66875 0.0296875 0.028125
3 0.865625 0.5890625 0.0296875 0.028125
3 0.7875 0.64609375 0.0296875 0.028125
1 0.721875 0.60390625 0.028125 0.028125
1 0.1234375 0.59140625 0.0328125 0.0296875
3 0.4265625 0.39453125 0.0296875 0.028125
3 0.19375 0.5734375 0.03125 0.0296875
3 0.14375 0.61640625 0.0328125 0.028125
2 0.55390625 0.35234375 0.028125 0.0265625