0 0.7875 0.5875 0.025 0.0234375
1 0.69375 0.6328125 0.0265625 0.025
1 0.60625 0.3078125 0.025 0.025
1 0.8015625 0.553125 0.0265625 0.0234375
1 0.8375 0.3921875 0.025 0.025
3 0.8390625 0.5796875 0.0296875 0.0265625
3 0.8953125 0.3578125 0.025 0.025
1 0.8828125 0.603125 0.025 0.025
1 0.6328125 0.4578125 0.0265625 0.025
3 0.609375 0.5109375 0.028125 0.025
3 0.603125 0.465625 0.025 0.025
3 0.8953125 0.6953125 0.025 0.025
3 0.775 0.6453125 0.028125 0.025
2 0.8734375 0.353125 0.025 0.0234375
1 0.4890625 0.3140625 0.025 0.025