0 0.6296875 0.5796875 0.025 0.0234375
1 0.1234375 0.440625 0.0234375 0.021875
1 0.88125 0.5953125 0.0265625 0.025
1 0.896875 0.4828125 0.0265625 0.0234375
1 0.109375 0.584375 0.0265625 0.021875
1 0.69375 0.325 0.0234375 0.0234375
3 0.571875 0.340625 0.028125 0.025
3 0.3484375 0.646875 0.0265625 0.025
3 0.846875 0.6453125 0.0265625 0.025
3 0.7609375 0.6890625 0.0265625 0.025
1 0.703125 0.6375 0.025 0.025
1 0.18125 0.5296875 0.0296875 0.025
3 0.4546875 0.384375 0.0265625 0.025
3 0.3734375 0.53125 0.028125 0.0265625
3 0.128125 0.559375 0.028125 0.0234375
2 0.565625 0.315625 0.025 0.0234375