2 0.603125 0.44140625 0.028125 0.028125
0 0.6859375 0.48828125 0.0265625 0.0265625
3 0.46015625 0.4578125 0.0296875 0.0296875
3 0.16640625 0.6546875 0.03125 0.0296875
3 0.46484375 0.509375 0.03125 0.0296875
3 0.69765625 0.28984375 0.0296875 0.0296875
3 0.75078125 0.378125 0.0296875 0.0296875
3 0.78984375 0.4015625 0.0296875 0.0296875
1 0.84375 0.271875 0.0296875 0.0296875
1 0.425 0.63515625 0.0265625 0.0265625
1 0.5734375 0.671875 0.0265625 0.028125
1 0.8546875 0.646875 0.0296875 0.0296875
1 0.74296875 0.50625 0.028125 0.0265625
1 0.68125 0.43984375 0.0265625 0.025
1 0.7578125 0.3171875 0.028125 0.028125