1 0.46640625 0.4828125 0.08125 0.08125
1 0.52109375 0.44375 0.0765625 0.0828125
1 0.51015625 0.3875 0.075 0.075
1 0.45 0.36875 0.071875 0.0734375
1 0.49140625 0.2859375 0.065625 0.065625
1 0.60859375 0.31484375 0.0703125 0.0703125
1 0.6234375 0.36484375 0.071875 0.071875
0 0.49921875 0.33515625 0.071875 0.06875
3 0.43828125 0.275 0.06875 0.0671875
3 0.44140625 0.32109375 0.06875 0.06875
3 0.54921875 0.30078125 0.071875 0.0734375
3 0.56015625 0.3484375 0.06875 0.071875
3 0.57265625 0.403125 0.0765625 0.0796875
3 0.67109375 0.33046875 0.0765625 0.0796875
3 0.4578125 0.42421875 0.0734375 0.075