0 0.3953125 0.38359375 0.0265625 0.0265625
1 0.71171875 0.6375 0.0265625 0.028125
1 0.5765625 0.2953125 0.028125 0.028125
1 0.490625 0.44453125 0.028125 0.028125
3 0.2296875 0.3640625 0.0296875 0.028125
3 0.871875 0.30390625 0.028125 0.028125
1 0.62734375 0.43984375 0.028125 0.028125
3 0.36015625 0.5703125 0.03125 0.028125
3 0.6015625 0.39140625 0.028125 0.028125
3 0.2234375 0.6984375 0.0296875 0.028125
2 0.84765625 0.53515625 0.028125 0.0265625
1 0.46484375 0.3171875 0.028125 0.028125
1 0.921875 0.625 0.0296875 0.0265625