0 0.4390625 0.35625 0.028125 0.028125
1 0.66640625 0.66640625 0.03125 0.0296875
1 0.6390625 0.33125 0.0296875 0.0296875
1 0.465625 0.61875 0.03125 0.028125
1 0.509375 0.44453125 0.0296875 0.0296875
3 0.2890625 0.28359375 0.03125 0.0296875
3 0.91484375 0.4359375 0.0296875 0.0296875
1 0.63984375 0.484375 0.0296875 0.0296875
3 0.34453125 0.52109375 0.0328125 0.0296875
3 0.63125 0.4296875 0.0296875 0.0296875
3 0.17421875 0.59765625 0.03125 0.0296875
2 0.4265625 0.5171875 0.0296875 0.028125
1 0.5265625 0.315625 0.0296875 0.0296875
1 0.71640625 0.7390625 0.03125 0.028125