0 0.63203125 0.575 0.0265625 0.025
1 0.121875 0.45390625 0.0234375 0.0234375
1 0.8828125 0.58046875 0.03125 0.0265625
1 0.89609375 0.46875 0.028125 0.025
1 0.22109375 0.57265625 0.0296875 0.025
1 0.83359375 0.38046875 0.0265625 0.0265625
3 0.35390625 0.65234375 0.028125 0.0265625
3 0.6515625 0.58828125 0.0265625 0.0265625
1 0.703125 0.62890625 0.0265625 0.0265625
1 0.14921875 0.4734375 0.028125 0.025
3 0.740625 0.31953125 0.0296875 0.0265625
3 0.33359375 0.38828125 0.028125 0.0265625
3 0.3171875 0.3203125 0.028125 0.028125
3 0.16171875 0.52578125 0.028125 0.025
3 0.25703125 0.57109375 0.0296875 0.0265625