2 0.88515625 0.39140625 0.0296875 0.0296875
0 0.725 0.45859375 0.028125 0.0265625
1 0.853125 0.3203125 0.028125 0.0296875
1 0.82890625 0.30703125 0.0296875 0.0296875
1 0.83515625 0.35234375 0.0296875 0.028125
1 0.81953125 0.27578125 0.028125 0.028125
1 0.68828125 0.5 0.0296875 0.028125
1 0.75546875 0.54921875 0.03125 0.03125
3 0.70390625 0.315625 0.03125 0.03125
3 0.76953125 0.61171875 0.03125 0.03125
3 0.65703125 0.32890625 0.028125 0.028125
3 0.6671875 0.51171875 0.03125 0.03125
3 0.72265625 0.55234375 0.0296875 0.028125
3 0.871875 0.55703125 0.03125 0.03125
3 0.696875 0.6296875 0.03125 0.03125