0 0.615625 0.59921875 0.028125 0.0265625
1 0.1375 0.3828125 0.0265625 0.025
1 0.86015625 0.65234375 0.0328125 0.0296875
1 0.84296875 0.51015625 0.0296875 0.0265625
1 0.27734375 0.5265625 0.03125 0.028125
1 0.85 0.44609375 0.028125 0.028125
3 0.32734375 0.62109375 0.0296875 0.028125
3 0.63203125 0.615625 0.028125 0.028125
1 0.675 0.665625 0.028125 0.028125
1 0.18046875 0.3890625 0.0296875 0.028125
3 0.77109375 0.36875 0.03125 0.0296875
3 0.5109375 0.31015625 0.028125 0.028125
3 0.54375 0.3234375 0.028125 0.028125
3 0.16640625 0.45859375 0.0328125 0.0296875
3 0.75078125 0.384375 0.03125 0.0296875
2 0.66640625 0.48984375 0.028125 0.0265625