1 0.1734375 0.396875 0.0296875 0.025
1 0.58671875 0.6953125 0.0265625 0.0265625
1 0.4828125 0.53515625 0.025 0.025
1 0.83984375 0.49140625 0.0265625 0.0234375
1 0.85234375 0.4703125 0.028125 0.025
3 0.86796875 0.378125 0.0265625 0.028125
3 0.8109375 0.41484375 0.0265625 0.028125
3 0.7296875 0.6796875 0.0265625 0.0265625
3 0.59375 0.5953125 0.028125 0.0265625
3 0.4734375 0.6234375 0.025 0.0265625
3 0.4578125 0.67265625 0.0265625 0.0265625
0 0.55859375 0.403125 0.0234375 0.0265625
2 0.42265625 0.43046875 0.025 0.025