1 0.1578125 0.496875 0.0328125 0.0296875
1 0.4734375 0.5359375 0.0328125 0.0328125
1 0.2375 0.76328125 0.0328125 0.0296875
1 0.7359375 0.4265625 0.0296875 0.0296875
1 0.82265625 0.3921875 0.0296875 0.0265625
1 0.828125 0.36796875 0.03125 0.0296875
1 0.3515625 0.603125 0.028125 0.0296875
3 0.81640625 0.2765625 0.03125 0.03125
3 0.771875 0.32421875 0.03125 0.03125
3 0.69140625 0.4359375 0.0296875 0.0296875
3 0.88359375 0.521875 0.03125 0.03125
3 0.71640625 0.61953125 0.03125 0.03125
3 0.603125 0.65625 0.028125 0.0296875
3 0.51015625 0.678125 0.0296875 0.0296875
0 0.70703125 0.4578125 0.0265625 0.0296875
2 0.64453125 0.3703125 0.028125 0.0296875