0 0.63359375 0.57265625 0.0265625 0.025
1 0.12109375 0.46015625 0.025 0.0234375
1 0.884375 0.5734375 0.03125 0.0265625
1 0.8953125 0.46171875 0.028125 0.025
1 0.115625 0.60625 0.028125 0.0234375
1 0.72734375 0.35859375 0.0265625 0.0265625
3 0.35625 0.6546875 0.028125 0.0265625
3 0.653125 0.5859375 0.0265625 0.0265625
1 0.70546875 0.625 0.0265625 0.0265625
1 0.11640625 0.5515625 0.03125 0.0265625
3 0.4375 0.3875 0.028125 0.0265625
3 0.1875 0.54140625 0.0296875 0.0265625
3 0.13359375 0.57890625 0.03125 0.025
2 0.6640625 0.44140625 0.0265625 0.025