0 0.34296875 0.39296875 0.0265625 0.0265625
1 0.34765625 0.45078125 0.0265625 0.028125
1 0.68515625 0.3296875 0.028125 0.028125
1 0.50703125 0.44453125 0.028125 0.028125
3 0.28125 0.29140625 0.0296875 0.028125
3 0.90234375 0.365625 0.028125 0.028125
1 0.6390625 0.4796875 0.028125 0.028125
3 0.171875 0.3234375 0.03125 0.0296875
3 0.62890625 0.42578125 0.028125 0.028125
3 0.17890625 0.60703125 0.03125 0.0296875
1 0.61640625 0.32578125 0.028125 0.028125
1 0.45859375 0.44296875 0.0296875 0.0265625
3 0.6 0.54921875 0.028125 0.028125
2 0.8453125 0.55625 0.0296875 0.0265625
1 0.303125 0.38359375 0.028125 0.028125