2 0.68046875 0.3 0.028125 0.028125
0 0.1265625 0.55859375 0.0296875 0.025
1 0.871875 0.36484375 0.0265625 0.028125
1 0.85 0.3484375 0.0296875 0.028125
1 0.85078125 0.39375 0.028125 0.0265625
1 0.84453125 0.31640625 0.028125 0.0265625
1 0.69609375 0.63828125 0.028125 0.0265625
1 0.528125 0.31875 0.0296875 0.028125
3 0.75859375 0.2859375 0.028125 0.0296875
3 0.75390625 0.64375 0.028125 0.0296875
3 0.6625 0.34609375 0.0265625 0.0265625
3 0.3671875 0.6640625 0.0296875 0.028125
3 0.4859375 0.3203125 0.028125 0.028125
3 0.86171875 0.60234375 0.0296875 0.028125
3 0.2125 0.50703125 0.0296875 0.028125