1 0.6796875 0.5265625 0.028125 0.028125
1 0.69921875 0.54140625 0.025 0.025
1 0.725 0.5109375 0.025 0.025
1 0.76875 0.4953125 0.0265625 0.0265625
1 0.74453125 0.52734375 0.0234375 0.0234375
1 0.7625 0.54140625 0.0265625 0.0234375
1 0.7328125 0.57265625 0.0234375 0.025
3 0.703125 0.51796875 0.0265625 0.025
3 0.7390625 0.5484375 0.025 0.025
3 0.746875 0.50390625 0.028125 0.028125
3 0.76484375 0.51796875 0.028125 0.028125
3 0.75859375 0.56484375 0.028125 0.0265625
3 0.75078125 0.58828125 0.028125 0.0265625
3 0.715625 0.55703125 0.025 0.025
0 0.7203125 0.5359375 0.025 0.025
2 0.2421875 0.475 0.028125 0.028125