0 0.44375 0.35390625 0.028125 0.028125
1 0.65859375 0.67265625 0.03125 0.0296875
1 0.6453125 0.3359375 0.0296875 0.0296875
1 0.25390625 0.4671875 0.03125 0.028125
1 0.5109375 0.44453125 0.0296875 0.0296875
3 0.296875 0.2765625 0.03125 0.0296875
3 0.9171875 0.45 0.0296875 0.0296875
1 0.41953125 0.659375 0.0328125 0.0296875
1 0.640625 0.4890625 0.0296875 0.0296875
3 0.2296875 0.309375 0.0328125 0.03125
3 0.63359375 0.434375 0.0296875 0.0296875
3 0.57421875 0.7 0.0328125 0.03125
2 0.73203125 0.73125 0.0296875 0.028125
1 0.53125 0.31640625 0.0296875 0.0296875