3 0.78046875 0.54609375 0.01875 0.0203125
3 0.7703125 0.53359375 0.0203125 0.0203125
3 0.68671875 0.57578125 0.0203125 0.01875
3 0.5546875 0.34140625 0.0171875 0.0171875
3 0.51171875 0.53984375 0.0203125 0.01875
1 0.68984375 0.42421875 0.0203125 0.0203125
1 0.74921875 0.67109375 0.021875 0.0234375
1 0.78671875 0.55859375 0.0203125 0.0203125
1 0.53515625 0.27265625 0.015625 0.015625
1 0.6046875 0.321875 0.015625 0.0171875
3 0.775 0.60546875 0.0203125 0.01875
0 0.615625 0.528125 0.0203125 0.0203125
2 0.62578125 0.7296875 0.021875 0.0234375