0 0.6265625 0.584375 0.0265625 0.025
1 0.12578125 0.42734375 0.0234375 0.0234375
1 0.8765625 0.60703125 0.03125 0.0265625
1 0.896875 0.496875 0.028125 0.025
1 0.10703125 0.5703125 0.0265625 0.0234375
1 0.7390625 0.37890625 0.0265625 0.0265625
3 0.34375 0.64140625 0.028125 0.0265625
3 0.6453125 0.59921875 0.0265625 0.0265625
1 0.69375 0.64296875 0.0265625 0.0265625
1 0.11328125 0.51796875 0.03125 0.0265625
3 0.89609375 0.7171875 0.028125 0.0265625
3 0.18515625 0.5140625 0.0296875 0.0265625
3 0.128125 0.54609375 0.03125 0.025
2 0.71484375 0.615625 0.0265625 0.025