0 0.64453125 0.5484375 0.0296875 0.028125
1 0.11953125 0.5265625 0.028125 0.0265625
1 0.89140625 0.50625 0.034375 0.03125
1 0.8828125 0.39375 0.03125 0.028125
1 0.23984375 0.62421875 0.0328125 0.0296875
1 0.8046875 0.31875 0.0296875 0.0296875
3 0.38515625 0.67734375 0.03125 0.0296875
3 0.665625 0.5578125 0.0296875 0.0296875
1 0.72421875 0.5875 0.0296875 0.0296875
1 0.15 0.540625 0.03125 0.028125
3 0.7015625 0.27734375 0.0328125 0.03125
3 0.315625 0.42265625 0.03125 0.0296875
3 0.2859375 0.35859375 0.03125 0.03125
3 0.17265625 0.58984375 0.03125 0.028125
3 0.275 0.61640625 0.0328125 0.03125