3 0.784375 0.496875 0.015625 0.0171875
3 0.771875 0.4859375 0.0171875 0.0171875
3 0.671875 0.5515625 0.015625 0.0171875
3 0.696875 0.5421875 0.0171875 0.015625
3 0.5171875 0.4453125 0.0171875 0.015625
3 0.51875 0.5359375 0.0171875 0.015625
1 0.6671875 0.7 0.0203125 0.01875
1 0.775 0.625 0.01875 0.0203125
1 0.775 0.5140625 0.0171875 0.0171875
1 0.7046875 0.5 0.0171875 0.015625
1 0.571875 0.30625 0.0125 0.015625
1 0.49375 0.4203125 0.015625 0.015625
1 0.546875 0.5078125 0.0171875 0.0171875
0 0.61875 0.5078125 0.0171875 0.0171875
2 0.696875 0.4828125 0.015625 0.0171875