2 0.321875 0.6203125 0.0359375 0.034375
3 0.5875 0.378125 0.028125 0.0296875
3 0.7421875 0.27578125 0.0265625 0.0265625
3 0.63046875 0.2921875 0.0234375 0.025
3 0.6734375 0.24609375 0.025 0.0234375
3 0.55 0.24921875 0.01875 0.0203125
3 0.490625 0.28203125 0.021875 0.021875
1 0.40234375 0.340625 0.021875 0.021875
1 0.5109375 0.2859375 0.0234375 0.0234375
1 0.54296875 0.2578125 0.01875 0.0203125
1 0.5015625 0.3578125 0.0265625 0.0265625
1 0.63671875 0.253125 0.0234375 0.0234375
1 0.48671875 0.3375 0.0234375 0.025
0 0.59921875 0.2984375 0.0234375 0.025