1 0.66171875 0.496875 0.015625 0.0171875
1 0.67734375 0.5 0.0171875 0.015625
1 0.70859375 0.5109375 0.0171875 0.015625
1 0.671875 0.52421875 0.0171875 0.015625
1 0.68828125 0.52890625 0.0171875 0.015625
1 0.7046875 0.53515625 0.015625 0.015625
1 0.68359375 0.5546875 0.01875 0.01875
3 0.66640625 0.5109375 0.0171875 0.0171875
3 0.6921875 0.50625 0.0171875 0.0171875
3 0.6984375 0.5203125 0.0171875 0.0171875
3 0.71484375 0.52578125 0.0171875 0.01875
3 0.725 0.5171875 0.0171875 0.01875
3 0.6765625 0.53828125 0.01875 0.0171875
3 0.69296875 0.54375 0.01875 0.01875
0 0.68203125 0.5140625 0.0171875 0.0171875
2 0.4515625 0.35390625 0.015625 0.015625