3 0.79609375 0.48203125 0.0171875 0.01875
3 0.771875 0.4671875 0.01875 0.01875
3 0.675 0.5390625 0.0171875 0.01875
3 0.69921875 0.528125 0.01875 0.0171875
3 0.52109375 0.4625 0.01875 0.0171875
3 0.52109375 0.534375 0.01875 0.0171875
1 0.68984375 0.6890625 0.01875 0.0203125
1 0.7828125 0.60390625 0.0203125 0.01875
1 0.7765625 0.49453125 0.01875 0.01875
1 0.70546875 0.4859375 0.01875 0.0171875
1 0.5859375 0.434375 0.0171875 0.01875
1 0.5515625 0.41328125 0.01875 0.0171875
1 0.546875 0.51875 0.01875 0.01875
0 0.6375 0.515625 0.01875 0.01875
2 0.6953125 0.46875 0.0171875 0.01875