3 0.78046875 0.54609375 0.01875 0.0203125
3 0.7703125 0.53359375 0.0203125 0.0203125
3 0.66015625 0.58046875 0.01875 0.0203125
3 0.68671875 0.57578125 0.0203125 0.01875
3 0.5265625 0.44921875 0.0203125 0.01875
3 0.5125 0.53828125 0.0203125 0.01875
1 0.6296875 0.72578125 0.0234375 0.021875
1 0.74921875 0.67109375 0.021875 0.0234375
1 0.76875 0.56171875 0.0203125 0.0203125
1 0.7015625 0.53515625 0.0203125 0.01875
1 0.6046875 0.321875 0.015625 0.0171875
1 0.5078125 0.4203125 0.01875 0.01875
1 0.54453125 0.515625 0.0203125 0.0203125
0 0.615625 0.528125 0.0203125 0.0203125
2 0.696875 0.5171875 0.01875 0.0203125