2 0.26171875 0.52109375 0.0265625 0.025
1 0.684375 0.5140625 0.0265625 0.0265625
1 0.70390625 0.52578125 0.025 0.025
1 0.72578125 0.4921875 0.0234375 0.0234375
1 0.74375 0.50390625 0.021875 0.0203125
1 0.76171875 0.5171875 0.021875 0.021875
1 0.76484375 0.471875 0.021875 0.021875
1 0.740625 0.55078125 0.021875 0.021875
3 0.74453125 0.48203125 0.025 0.025
3 0.7625 0.49375 0.0234375 0.0234375
3 0.7046875 0.50078125 0.025 0.025
3 0.7234375 0.5375 0.025 0.025
3 0.74296875 0.52734375 0.0234375 0.0234375
3 0.7609375 0.5390625 0.021875 0.021875
3 0.76171875 0.5625 0.0265625 0.025
0 0.72421875 0.515625 0.0234375 0.0234375