0 0.184375 0.4171875 0.0265625 0.0234375
1 0.69375 0.6328125 0.0265625 0.025
1 0.6046875 0.3078125 0.025 0.025
1 0.3859375 0.6765625 0.0234375 0.021875
1 0.8375 0.3921875 0.025 0.025
3 0.29375 0.3421875 0.0265625 0.025
3 0.8953125 0.3578125 0.025 0.025
1 0.1296875 0.5328125 0.028125 0.0234375
1 0.634375 0.4578125 0.025 0.025
3 0.3015625 0.378125 0.028125 0.025
3 0.615625 0.40625 0.025 0.025
3 0.8953125 0.6953125 0.025 0.025
3 0.775 0.6453125 0.028125 0.025
2 0.8734375 0.353125 0.025 0.0234375
1 0.4890625 0.3140625 0.025 0.025