0 0.3484375 0.38515625 0.028125 0.028125
1 0.35078125 0.44296875 0.028125 0.0296875
1 0.696875 0.340625 0.0296875 0.0296875
1 0.51015625 0.44453125 0.0296875 0.0296875
3 0.29296875 0.28046875 0.03125 0.0296875
3 0.90859375 0.3875 0.0296875 0.0296875
1 0.63984375 0.48671875 0.0296875 0.0296875
3 0.18203125 0.30625 0.0328125 0.0296875
3 0.6328125 0.43203125 0.0296875 0.0296875
1 0.675 0.3453125 0.0296875 0.0296875
1 0.46171875 0.440625 0.03125 0.028125
3 0.5828125 0.4875 0.0296875 0.0296875
2 0.44453125 0.43046875 0.03125 0.028125
1 0.65546875 0.41328125 0.0296875 0.0296875