0 0.421875 0.36484375 0.025 0.025
1 0.684375 0.64609375 0.028125 0.0265625
1 0.61796875 0.315625 0.0265625 0.0265625
1 0.25234375 0.50625 0.028125 0.025
1 0.50234375 0.44375 0.0265625 0.0265625
3 0.2640625 0.3109375 0.028125 0.0265625
3 0.90390625 0.3859375 0.0265625 0.0265625
1 0.6546875 0.6859375 0.0296875 0.025
1 0.63671875 0.4671875 0.0265625 0.0265625
3 0.203125 0.35390625 0.0296875 0.0265625
3 0.621875 0.41484375 0.0265625 0.0265625
3 0.7640625 0.6640625 0.0296875 0.0265625
2 0.790625 0.66875 0.0265625 0.025
1 0.50234375 0.3140625 0.0265625 0.0265625