0 0.734375 0.4875 0.025 0.0234375
1 0.1234375 0.440625 0.0234375 0.021875
1 0.8796875 0.59375 0.0296875 0.025
1 0.815625 0.534375 0.0265625 0.0234375
1 0.259375 0.496875 0.025 0.021875
1 0.8375 0.3921875 0.025 0.025
3 0.825 0.5796875 0.0265625 0.025
3 0.7171875 0.4328125 0.025 0.025
1 0.7484375 0.6703125 0.025 0.025
1 0.1671875 0.440625 0.0265625 0.025
3 0.746875 0.328125 0.028125 0.025
3 0.4890625 0.3125 0.025 0.025
3 0.8953125 0.6953125 0.025 0.025
3 0.1640625 0.5109375 0.0296875 0.025
3 0.4359375 0.44375 0.028125 0.025
2 0.578125 0.4828125 0.025 0.0234375