0 0.7953125 0.55703125 0.0265625 0.0265625
1 0.70625 0.61171875 0.0296875 0.028125
1 0.5859375 0.29765625 0.028125 0.028125
1 0.80546875 0.52109375 0.028125 0.0265625
1 0.82421875 0.3578125 0.028125 0.028125
3 0.8453125 0.54375 0.0328125 0.0296875
3 0.878125 0.3171875 0.028125 0.028125
1 0.89140625 0.5625 0.028125 0.028125
1 0.62734375 0.44453125 0.0296875 0.028125
3 0.61015625 0.49921875 0.03125 0.028125
3 0.59921875 0.4546875 0.028125 0.028125
3 0.91328125 0.653125 0.028125 0.028125
3 0.7890625 0.615625 0.03125 0.028125
2 0.50625 0.35 0.0265625 0.0265625
1 0.4953125 0.31796875 0.028125 0.028125