0 0.31953125 0.440625 0.0265625 0.0265625
1 0.340625 0.49453125 0.0265625 0.028125
1 0.6484375 0.28515625 0.028125 0.028125
1 0.5609375 0.6125 0.028125 0.028125
3 0.2328125 0.359375 0.0296875 0.028125
3 0.85 0.26015625 0.028125 0.028125
1 0.7546875 0.58671875 0.028125 0.028125
3 0.1359375 0.4203125 0.03125 0.028125
3 0.60078125 0.64375 0.028125 0.028125
1 0.775 0.47265625 0.028125 0.028125
1 0.46171875 0.5484375 0.0296875 0.0265625
3 0.58828125 0.4890625 0.028125 0.028125
2 0.425 0.45234375 0.0296875 0.0265625
1 0.61875 0.3671875 0.028125 0.028125