0 0.190625 0.3953125 0.028125 0.025
1 0.684375 0.64609375 0.028125 0.0265625
1 0.61796875 0.315625 0.0265625 0.0265625
1 0.37421875 0.66796875 0.025 0.0234375
1 0.84453125 0.415625 0.0265625 0.0265625
3 0.30546875 0.328125 0.028125 0.0265625
3 0.90390625 0.3859375 0.0265625 0.0265625
1 0.128125 0.50703125 0.0296875 0.025
1 0.63671875 0.4671875 0.0265625 0.0265625
3 0.3109375 0.36484375 0.0296875 0.0265625
3 0.621875 0.41484375 0.0265625 0.0265625
3 0.88046875 0.72265625 0.0265625 0.0265625
3 0.7640625 0.6640625 0.0296875 0.0265625
2 0.8828125 0.3796875 0.0265625 0.025
1 0.50234375 0.3140625 0.0265625 0.0265625