2 0.61015625 0.33515625 0.028125 0.028125
0 0.728125 0.4859375 0.0265625 0.025
1 0.66015625 0.31953125 0.028125 0.028125
1 0.85 0.3484375 0.028125 0.028125
1 0.871875 0.453125 0.028125 0.0265625
1 0.74609375 0.40078125 0.0265625 0.0265625
1 0.721875 0.5359375 0.028125 0.0265625
1 0.74921875 0.565625 0.0296875 0.028125
3 0.7234375 0.34375 0.028125 0.0296875
3 0.884375 0.36171875 0.028125 0.0296875
3 0.6765625 0.34921875 0.0265625 0.0265625
3 0.66953125 0.5328125 0.0296875 0.028125
3 0.83828125 0.45859375 0.028125 0.0265625
3 0.86171875 0.60234375 0.0296875 0.028125
3 0.6796875 0.65234375 0.0296875 0.028125