2 0.9 0.49453125 0.025 0.025
0 0.728125 0.51796875 0.0234375 0.021875
1 0.8875 0.41796875 0.0234375 0.025
1 0.8671875 0.3984375 0.025 0.025
1 0.86171875 0.44375 0.025 0.0234375
1 0.86640625 0.365625 0.0234375 0.0234375
1 0.68203125 0.5484375 0.025 0.0234375
1 0.734375 0.61328125 0.0265625 0.025
3 0.74453125 0.37421875 0.025 0.0265625
3 0.73125 0.67734375 0.025 0.0265625
3 0.69609375 0.375 0.0234375 0.0234375
3 0.65859375 0.5546875 0.0265625 0.025
3 0.7015625 0.60859375 0.025 0.0234375
3 0.84453125 0.6515625 0.0265625 0.025
3 0.65625 0.6765625 0.0265625 0.025