1 0.1703125 0.40859375 0.028125 0.0234375
1 0.46484375 0.52734375 0.0265625 0.0265625
1 0.178125 0.68671875 0.028125 0.0234375
1 0.83984375 0.4796875 0.025 0.021875
1 0.85078125 0.4578125 0.0265625 0.0234375
3 0.86328125 0.365625 0.025 0.0265625
3 0.8078125 0.40078125 0.025 0.0265625
3 0.6109375 0.51875 0.025 0.025
3 0.678125 0.671875 0.0265625 0.025
3 0.51875 0.5953125 0.0234375 0.025
3 0.4640625 0.67421875 0.025 0.025
0 0.68125 0.4921875 0.021875 0.025
2 0.71484375 0.53515625 0.021875 0.0234375