3 0.3390625 0.578125 0.153125 0.1515625
3 0.3796875 0.37421875 0.125 0.125
3 0.4671875 0.42578125 0.1265625 0.125
3 0.5625 0.4859375 0.1375 0.134375
3 0.4875 0.25625 0.1171875 0.1109375
3 0.66328125 0.34609375 0.1234375 0.11875
3 0.76015625 0.4015625 0.1328125 0.13125
1 0.40859375 0.215625 0.1078125 0.0984375
1 0.39453125 0.2859375 0.1109375 0.1
1 0.5703125 0.3 0.1140625 0.109375
1 0.48046875 0.33125 0.1171875 0.1078125
1 0.66796875 0.4453125 0.13125 0.1328125
1 0.36015625 0.4640625 0.1328125 0.1234375
1 0.45546875 0.52890625 0.1421875 0.1390625
0 0.5734375 0.390625 0.128125 0.121875