2 0.2625 0.5296875 0.025 0.0234375
1 0.684375 0.5078125 0.025 0.025
1 0.7046875 0.51875 0.0234375 0.0234375
1 0.725 0.484375 0.0234375 0.021875
1 0.74375 0.4953125 0.021875 0.0203125
1 0.7625 0.5078125 0.021875 0.021875
1 0.7640625 0.4625 0.021875 0.021875
1 0.7421875 0.5421875 0.021875 0.021875
3 0.74375 0.4734375 0.0234375 0.0234375
3 0.7625 0.484375 0.0234375 0.021875
3 0.7046875 0.49375 0.0234375 0.0234375
3 0.725 0.5296875 0.0234375 0.0234375
3 0.74375 0.51875 0.0234375 0.021875
3 0.7625 0.5296875 0.021875 0.021875
3 0.7640625 0.553125 0.025 0.0234375
0 0.725 0.5078125 0.021875 0.0234375