0 0.3890625 0.3890625 0.028125 0.028125
1 0.71875 0.6265625 0.028125 0.0296875
1 0.56640625 0.29140625 0.0296875 0.0296875
1 0.4875 0.4453125 0.0296875 0.0296875
3 0.2234375 0.37890625 0.03125 0.0296875
3 0.8609375 0.28515625 0.0296875 0.0296875
1 0.62421875 0.4328125 0.0296875 0.0296875
3 0.3640625 0.57734375 0.0328125 0.0296875
3 0.5953125 0.3859375 0.0296875 0.0296875
3 0.234375 0.7125 0.03125 0.0296875
2 0.8484375 0.51640625 0.0296875 0.028125
1 0.45546875 0.31953125 0.0296875 0.0296875
1 0.92734375 0.603125 0.03125 0.028125