0 0.6453125 0.54609375 0.0296875 0.028125
1 0.1203125 0.53359375 0.028125 0.0265625
1 0.89296875 0.5 0.03125 0.03125
1 0.88125 0.3875 0.03125 0.0296875
1 0.14140625 0.6765625 0.03125 0.028125
1 0.69609375 0.3171875 0.028125 0.028125
3 0.53125 0.328125 0.0328125 0.03125
3 0.38828125 0.67890625 0.03125 0.03125
3 0.871875 0.55703125 0.03125 0.03125
3 0.79921875 0.6203125 0.03125 0.03125
1 0.73046875 0.584375 0.0296875 0.0296875
1 0.1328125 0.6234375 0.034375 0.03125
3 0.4171875 0.4015625 0.03125 0.03125
3 0.2015625 0.6 0.0328125 0.03125
3 0.1546875 0.646875 0.034375 0.0296875
2 0.42734375 0.378125 0.0296875 0.028125