3 0.2203125 0.38359375 0.159375 0.15
3 0.36328125 0.39296875 0.153125 0.1546875
3 0.64921875 0.40390625 0.1515625 0.153125
3 0.4 0.2515625 0.115625 0.1171875
3 0.5125 0.2546875 0.1265625 0.1140625
3 0.6296875 0.26171875 0.13125 0.1140625
3 0.51953125 0.15859375 0.1 0.0921875
1 0.46484375 0.2 0.1046875 0.0984375
1 0.57421875 0.203125 0.1 0.09375
1 0.31484375 0.30859375 0.13125 0.1265625
1 0.5734375 0.3203125 0.1375 0.128125
1 0.70625 0.325 0.1375 0.121875
1 0.50390625 0.3984375 0.15 0.153125
1 0.79609375 0.4109375 0.1578125 0.1546875
0 0.4453125 0.32109375 0.134375 0.134375