2 0.46015625 0.45859375 0.0296875 0.0296875
0 0.60859375 0.60703125 0.0296875 0.028125
1 0.75078125 0.553125 0.0296875 0.0296875
1 0.85 0.67890625 0.03125 0.0296875
1 0.890625 0.57265625 0.03125 0.028125
1 0.11015625 0.48671875 0.0296875 0.028125
1 0.434375 0.49921875 0.03125 0.0296875
1 0.58828125 0.3390625 0.03125 0.0296875
3 0.93359375 0.4078125 0.0296875 0.03125
3 0.7140625 0.43359375 0.0328125 0.03125
3 0.31953125 0.609375 0.03125 0.0296875
3 0.54765625 0.3265625 0.0296875 0.0296875
3 0.80546875 0.71953125 0.03125 0.0296875
3 0.228125 0.40703125 0.03125 0.0296875