0 0.7296875 0.54609375 0.0296875 0.028125
1 0.14921875 0.3515625 0.028125 0.0265625
1 0.84609375 0.6828125 0.034375 0.03125
1 0.84140625 0.53984375 0.03125 0.0296875
1 0.27578125 0.50703125 0.0328125 0.0296875
1 0.85390625 0.47734375 0.0296875 0.0296875
3 0.79609375 0.65625 0.03125 0.03125
3 0.72734375 0.4875 0.0296875 0.0296875
1 0.7 0.725 0.0296875 0.0296875
1 0.19140625 0.36171875 0.03125 0.03125
3 0.78125 0.39296875 0.0328125 0.03125
3 0.52734375 0.31171875 0.0296875 0.0296875
3 0.559375 0.328125 0.0296875 0.0296875
3 0.17109375 0.4296875 0.034375 0.03125
3 0.76015625 0.40703125 0.0328125 0.03125
2 0.81953125 0.4765625 0.0296875 0.028125