3 0.2390625 0.46640625 0.1515625 0.1453125
3 0.34140625 0.50234375 0.14375 0.1453125
3 0.58671875 0.5859375 0.159375 0.1609375
3 0.43125 0.3171875 0.1296875 0.1296875
3 0.53828125 0.34765625 0.1375 0.1328125
3 0.60625 0.1859375 0.128125 0.1296875
3 0.66015625 0.38125 0.15 0.1453125
1 0.33671875 0.390625 0.1296875 0.1296875
1 0.45546875 0.54296875 0.1421875 0.1484375
1 0.5609375 0.4609375 0.146875 0.146875
1 0.68984375 0.496875 0.1546875 0.153125
1 0.7265625 0.6328125 0.175 0.175
1 0.51953125 0.25078125 0.1296875 0.1265625
1 0.63125 0.2734375 0.1359375 0.128125
0 0.44453125 0.42734375 0.1375 0.134375