0 0.78359375 0.61015625 0.028125 0.0265625
1 0.13671875 0.39375 0.028125 0.025
1 0.578125 0.58046875 0.0328125 0.028125
1 0.809375 0.57265625 0.0296875 0.0265625
1 0.8484375 0.434375 0.028125 0.028125
3 0.8125 0.61875 0.0296875 0.028125
3 0.83046875 0.41015625 0.028125 0.028125
1 0.72578125 0.67109375 0.028125 0.028125
1 0.1765625 0.40078125 0.0296875 0.028125
3 0.765625 0.359375 0.03125 0.028125
3 0.51171875 0.3125 0.028125 0.028125
3 0.86875 0.7421875 0.028125 0.028125
3 0.16484375 0.46953125 0.0328125 0.028125
3 0.44296875 0.43671875 0.03125 0.028125
2 0.675 0.62421875 0.028125 0.0265625
1 0.26328125 0.46953125 0.03125 0.028125