1 0.428125 0.31796875 0.0328125 0.0328125
1 0.46015625 0.51953125 0.03125 0.03125
1 0.14609375 0.615625 0.0328125 0.0296875
1 0.74375 0.5421875 0.0296875 0.0296875
1 0.83671875 0.55078125 0.0296875 0.0265625
1 0.8515625 0.53125 0.03125 0.028125
1 0.75078125 0.378125 0.028125 0.0296875
3 0.88359375 0.44453125 0.0296875 0.03125
3 0.821875 0.4671875 0.0296875 0.03125
3 0.7 0.53046875 0.0296875 0.0296875
3 0.83203125 0.69375 0.03125 0.0296875
3 0.63828125 0.70546875 0.03125 0.0296875
3 0.52109375 0.6859375 0.028125 0.0296875
3 0.42890625 0.66328125 0.0296875 0.0296875
0 0.703125 0.55625 0.0265625 0.0296875
2 0.85703125 0.40625 0.03125 0.03125