1 0.6796875 0.5234375 0.028125 0.0265625
1 0.7 0.53828125 0.025 0.025
1 0.725 0.50703125 0.025 0.025
1 0.76875 0.490625 0.0265625 0.0265625
1 0.74453125 0.52265625 0.0234375 0.0234375
1 0.76328125 0.53671875 0.0265625 0.0234375
1 0.734375 0.56875 0.0234375 0.025
3 0.703125 0.51484375 0.0265625 0.025
3 0.73984375 0.54453125 0.025 0.025
3 0.746875 0.49921875 0.0265625 0.028125
3 0.76484375 0.51328125 0.028125 0.0265625
3 0.759375 0.56015625 0.028125 0.025
3 0.75234375 0.584375 0.028125 0.025
3 0.71640625 0.553125 0.025 0.025
0 0.72109375 0.53203125 0.025 0.025
2 0.13359375 0.50859375 0.028125 0.0265625