2 0.60078125 0.43828125 0.028125 0.028125
0 0.68515625 0.48203125 0.0265625 0.0265625
3 0.45859375 0.459375 0.0296875 0.0296875
3 0.171875 0.665625 0.03125 0.03125
3 0.465625 0.51015625 0.03125 0.03125
3 0.690625 0.2828125 0.0296875 0.0296875
3 0.746875 0.36953125 0.0296875 0.0296875
1 0.83515625 0.26015625 0.0296875 0.0296875
1 0.4296875 0.6375 0.0265625 0.0265625
1 0.57890625 0.66953125 0.0265625 0.028125
1 0.86015625 0.634375 0.0296875 0.0296875
1 0.74296875 0.49765625 0.028125 0.0265625
1 0.6796875 0.43359375 0.0265625 0.025
1 0.7515625 0.30859375 0.028125 0.028125