0 0.61875 0.59453125 0.028125 0.0265625
1 0.13359375 0.3953125 0.0265625 0.025
1 0.86640625 0.64140625 0.0296875 0.028125
1 0.89609375 0.53125 0.0296875 0.0265625
1 0.10234375 0.5359375 0.0296875 0.025
1 0.71328125 0.35 0.0265625 0.0265625
3 0.590625 0.35078125 0.03125 0.028125
3 0.33203125 0.62734375 0.0296875 0.028125
3 0.8265625 0.68671875 0.0296875 0.028125
3 0.7359375 0.71953125 0.0296875 0.028125
1 0.68515625 0.6609375 0.028125 0.028125
1 0.1796875 0.490625 0.0328125 0.028125
3 0.46875 0.3796875 0.0296875 0.028125
3 0.3703125 0.515625 0.03125 0.0296875
3 0.1234375 0.51328125 0.03125 0.0265625
2 0.5875 0.325 0.028125 0.0265625