0 0.73046875 0.5421875 0.0296875 0.028125
1 0.14609375 0.3578125 0.028125 0.0265625
1 0.84921875 0.6765625 0.034375 0.03125
1 0.8 0.6046875 0.03125 0.028125
1 0.26640625 0.44296875 0.0296875 0.0265625
1 0.853125 0.47109375 0.0296875 0.0296875
3 0.7984375 0.65078125 0.03125 0.0296875
3 0.7265625 0.48359375 0.0296875 0.0296875
1 0.70390625 0.721875 0.0296875 0.0296875
1 0.1890625 0.3671875 0.03125 0.0296875
3 0.77890625 0.38828125 0.0328125 0.03125
3 0.52421875 0.31171875 0.0296875 0.0296875
3 0.55625 0.3265625 0.0296875 0.0296875
3 0.1703125 0.43515625 0.034375 0.03125
3 0.45 0.43046875 0.0328125 0.03125
2 0.25078125 0.52890625 0.0296875 0.028125