3 0.79296875 0.54921875 0.01875 0.01875
3 0.77265625 0.52890625 0.0203125 0.0203125
3 0.66171875 0.578125 0.01875 0.01875
3 0.6875 0.57265625 0.01875 0.01875
3 0.52890625 0.46796875 0.01875 0.01875
3 0.51328125 0.53828125 0.01875 0.01875
1 0.64296875 0.7265625 0.0203125 0.021875
1 0.75234375 0.66484375 0.021875 0.0203125
1 0.77109375 0.55703125 0.0203125 0.0203125
1 0.70390625 0.53203125 0.01875 0.01875
1 0.5984375 0.45546875 0.01875 0.01875
1 0.5703125 0.42734375 0.01875 0.01875
1 0.54140625 0.52890625 0.0203125 0.0203125
0 0.63046875 0.54609375 0.0203125 0.0203125
2 0.696875 0.5140625 0.01875 0.01875