2 0.41015625 0.39921875 0.028125 0.028125
0 0.6859375 0.48515625 0.0265625 0.0265625
3 0.465625 0.3453125 0.0296875 0.0296875
3 0.75078125 0.375 0.028125 0.0296875
3 0.78828125 0.39609375 0.03125 0.0296875
3 0.69375 0.28671875 0.0296875 0.0296875
1 0.42734375 0.63671875 0.0265625 0.0265625
1 0.57578125 0.67109375 0.0265625 0.028125
1 0.8578125 0.640625 0.0296875 0.0296875
1 0.74296875 0.50234375 0.028125 0.0265625
1 0.68046875 0.43671875 0.0265625 0.025
1 0.7546875 0.3125 0.028125 0.028125
1 0.83984375 0.26640625 0.028125 0.028125