0 0.7984375 0.5359375 0.028125 0.028125
1 0.7140625 0.596875 0.03125 0.0296875
1 0.57109375 0.2921875 0.0296875 0.0296875
1 0.80625 0.5 0.0296875 0.028125
1 0.81328125 0.33515625 0.0296875 0.0296875
3 0.84765625 0.51953125 0.034375 0.03125
3 0.86484375 0.29140625 0.0296875 0.0296875
1 0.89453125 0.53515625 0.0296875 0.0296875
1 0.6796875 0.43828125 0.03125 0.0296875
3 0.625 0.46328125 0.0328125 0.0328125
3 0.5953125 0.4484375 0.0296875 0.0296875
3 0.9234375 0.6234375 0.0296875 0.0296875
3 0.79609375 0.5953125 0.0328125 0.0296875
2 0.41875 0.4171875 0.028125 0.028125
1 0.49765625 0.32421875 0.0296875 0.0296875