0 0.6296875 0.5796875 0.025 0.0234375
1 0.1234375 0.440625 0.0234375 0.021875
1 0.8796875 0.59375 0.0296875 0.025
1 0.896875 0.4828125 0.0265625 0.0234375
1 0.21875 0.5625 0.028125 0.0234375
1 0.8375 0.3921875 0.025 0.025
3 0.3484375 0.646875 0.0265625 0.025
3 0.6484375 0.59375 0.025 0.025
1 0.6984375 0.6359375 0.025 0.025
1 0.15 0.4609375 0.0265625 0.0234375
3 0.746875 0.328125 0.028125 0.025
3 0.3375 0.3828125 0.0265625 0.025
3 0.3234375 0.3140625 0.0265625 0.0265625
3 0.1609375 0.5140625 0.0265625 0.0234375
3 0.2546875 0.5625 0.028125 0.025