2 0.3875 0.49765625 0.025 0.025
0 0.63125 0.57734375 0.025 0.0234375
1 0.75625 0.490625 0.025 0.025
1 0.8828125 0.58828125 0.0265625 0.025
1 0.896875 0.47578125 0.0265625 0.0234375
1 0.11875 0.58203125 0.025 0.0234375
1 0.47265625 0.63984375 0.0265625 0.025
1 0.546875 0.32265625 0.0265625 0.025
3 0.8984375 0.30546875 0.025 0.0265625
3 0.69140625 0.384375 0.028125 0.025
3 0.35078125 0.64921875 0.0265625 0.025
3 0.5046875 0.3203125 0.025 0.025
3 0.84921875 0.6390625 0.0265625 0.025
3 0.21328125 0.475 0.0265625 0.025