0 0.6296875 0.5796875 0.025 0.0234375
1 0.1234375 0.440625 0.0234375 0.021875
1 0.8796875 0.59375 0.0296875 0.025
1 0.896875 0.4828125 0.0265625 0.0234375
1 0.109375 0.584375 0.0265625 0.021875
1 0.734375 0.3703125 0.025 0.025
3 0.6796875 0.6421875 0.0265625 0.025
3 0.3484375 0.646875 0.0265625 0.025
3 0.846875 0.6453125 0.0265625 0.025
3 0.7609375 0.6890625 0.0265625 0.025
1 0.703125 0.6375 0.025 0.025
1 0.1140625 0.53125 0.0296875 0.025
3 0.44375 0.384375 0.0265625 0.025
3 0.1859375 0.525 0.028125 0.025
3 0.1296875 0.559375 0.0296875 0.0234375
2 0.5765625 0.3625 0.025 0.0234375