1 0.6203125 0.3390625 0.01875 0.0203125
1 0.6390625 0.3375 0.0171875 0.01875
1 0.678125 0.334375 0.01875 0.01875
1 0.671875 0.3171875 0.015625 0.0140625
1 0.653125 0.31875 0.015625 0.0140625
1 0.634375 0.31875 0.0140625 0.0125
1 0.646875 0.3046875 0.015625 0.0140625
3 0.640625 0.3125 0.0171875 0.015625
3 0.659375 0.3109375 0.015625 0.0140625
3 0.6265625 0.328125 0.01875 0.015625
3 0.665625 0.3265625 0.0171875 0.0171875
3 0.684375 0.325 0.0171875 0.01875
3 0.6984375 0.334375 0.01875 0.0203125
3 0.659375 0.3359375 0.01875 0.0203125
0 0.6453125 0.328125 0.0171875 0.0171875
2 0.2671875 0.4640625 0.021875 0.021875