0 0.621875 0.590625 0.0265625 0.025
1 0.1296875 0.4078125 0.025 0.0234375
1 0.871875 0.628125 0.028125 0.0265625
1 0.896875 0.5171875 0.028125 0.025
1 0.103125 0.55 0.028125 0.0234375
1 0.70859375 0.3421875 0.025 0.025
3 0.58515625 0.34765625 0.0296875 0.028125
3 0.3359375 0.6328125 0.028125 0.0265625
3 0.8328125 0.675 0.028125 0.0265625
3 0.74375 0.7109375 0.028125 0.0265625
1 0.690625 0.6546875 0.0265625 0.0265625
1 0.1796875 0.5015625 0.03125 0.028125
3 0.46484375 0.38125 0.028125 0.0265625
3 0.37109375 0.5203125 0.0296875 0.0296875
3 0.12421875 0.5265625 0.0296875 0.0265625
2 0.58125 0.321875 0.0265625 0.025