3 0.3546875 0.6046875 0.1328125 0.13125
3 0.359375 0.396875 0.1078125 0.1078125
3 0.4546875 0.4328125 0.109375 0.1078125
3 0.559375 0.475 0.11875 0.115625
3 0.4453125 0.2625 0.1015625 0.0953125
3 0.634375 0.3203125 0.1078125 0.1015625
3 0.7390625 0.3578125 0.115625 0.1125
1 0.3609375 0.2359375 0.0953125 0.0828125
1 0.359375 0.3078125 0.0984375 0.084375
1 0.534375 0.290625 0.1 0.09375
1 0.4515625 0.3375 0.103125 0.090625
1 0.65625 0.4171875 0.1125 0.115625
1 0.35625 0.4890625 0.1171875 0.1046875
1 0.4609375 0.5359375 0.1234375 0.11875
0 0.553125 0.3796875 0.1109375 0.1046875