2 0.715625 0.63359375 0.0296875 0.0296875
0 0.55 0.61171875 0.028125 0.025
1 0.7515625 0.45078125 0.0296875 0.0296875
1 0.8921875 0.52734375 0.03125 0.0296875
1 0.8875 0.4140625 0.0296875 0.028125
1 0.1359375 0.640625 0.028125 0.028125
1 0.32265625 0.46484375 0.028125 0.028125
1 0.51875 0.3171875 0.03125 0.0296875
3 0.86328125 0.2453125 0.0296875 0.03125
3 0.575 0.628125 0.0296875 0.03125
3 0.67109375 0.35546875 0.0328125 0.0296875
3 0.3765625 0.67109375 0.03125 0.0296875
3 0.4765625 0.321875 0.0296875 0.0296875
3 0.8671875 0.5828125 0.03125 0.0296875
3 0.21328125 0.521875 0.03125 0.0296875