1 0.65078125 0.36796875 0.021875 0.0234375
1 0.66953125 0.3703125 0.0203125 0.021875
1 0.70859375 0.375 0.021875 0.021875
1 0.70625 0.35703125 0.01875 0.0171875
1 0.6875 0.3546875 0.01875 0.0171875
1 0.66875 0.35078125 0.015625 0.015625
1 0.684375 0.33984375 0.01875 0.0171875
3 0.6765625 0.34609375 0.0203125 0.01875
3 0.6953125 0.3484375 0.01875 0.0171875
3 0.659375 0.3578125 0.021875 0.01875
3 0.6984375 0.36484375 0.0203125 0.0203125
3 0.71640625 0.3671875 0.0203125 0.021875
3 0.72890625 0.37890625 0.021875 0.0234375
3 0.68984375 0.37265625 0.021875 0.0234375
0 0.678125 0.36171875 0.0203125 0.0203125
2 0.2796875 0.41640625 0.0265625 0.0265625