0 0.803125 0.528125 0.028125 0.0265625
1 0.7125 0.60078125 0.0296875 0.028125
1 0.5828125 0.303125 0.028125 0.028125
1 0.8171875 0.484375 0.0296875 0.0265625
1 0.81640625 0.340625 0.028125 0.028125
3 0.84609375 0.478125 0.0296875 0.028125
3 0.86796875 0.29765625 0.028125 0.028125
1 0.89453125 0.5421875 0.028125 0.028125
1 0.78359375 0.33515625 0.0296875 0.028125
3 0.7171875 0.29140625 0.03125 0.0296875
3 0.59609375 0.45 0.028125 0.028125
3 0.92109375 0.63125 0.028125 0.028125
3 0.79453125 0.60078125 0.03125 0.0296875
2 0.390625 0.68046875 0.028125 0.0265625
1 0.71015625 0.3984375 0.028125 0.028125