3 0.2 0.4546875 0.171875 0.1640625
3 0.34140625 0.4296875 0.1671875 0.16875
3 0.621875 0.3703125 0.165625 0.165625
3 0.34296875 0.28359375 0.125 0.1265625
3 0.453125 0.259375 0.1359375 0.125
3 0.56796875 0.2375 0.140625 0.1265625
3 0.4359375 0.1640625 0.1078125 0.1015625
1 0.39296875 0.2171875 0.1125 0.1078125
1 0.5 0.19375 0.1078125 0.103125
1 0.2734375 0.359375 0.1421875 0.1390625
1 0.528125 0.3078125 0.1484375 0.1390625
1 0.6578125 0.28046875 0.146875 0.1328125
1 0.47890625 0.40078125 0.1640625 0.165625
1 0.765625 0.3421875 0.171875 0.16875
0 0.403125 0.3390625 0.146875 0.146875