0 0.40078125 0.3796875 0.028125 0.0265625
1 0.70625 0.61171875 0.0296875 0.028125
1 0.584375 0.29765625 0.028125 0.028125
1 0.25703125 0.54921875 0.028125 0.0265625
1 0.6765625 0.51796875 0.028125 0.028125
3 0.23515625 0.3546875 0.0296875 0.028125
3 0.878125 0.3171875 0.028125 0.028125
1 0.79609375 0.63984375 0.0296875 0.0265625
1 0.62890625 0.44375 0.028125 0.028125
3 0.18203125 0.4078125 0.03125 0.028125
3 0.60546875 0.39453125 0.028125 0.028125
3 0.91328125 0.653125 0.028125 0.028125
3 0.7890625 0.615625 0.03125 0.028125
2 0.8796875 0.371875 0.0265625 0.0265625
1 0.46953125 0.31640625 0.028125 0.028125