0 0.790625 0.57734375 0.0265625 0.025
1 0.6984375 0.62578125 0.028125 0.0265625
1 0.59921875 0.30390625 0.0265625 0.0265625
1 0.803125 0.5421875 0.028125 0.025
1 0.83359375 0.38046875 0.0265625 0.0265625
3 0.84140625 0.56796875 0.03125 0.028125
3 0.88984375 0.34375 0.0265625 0.0265625
1 0.8859375 0.58984375 0.0265625 0.0265625
1 0.63125 0.453125 0.028125 0.0265625
3 0.609375 0.50703125 0.0296875 0.0265625
3 0.6015625 0.46171875 0.0265625 0.0265625
3 0.9015625 0.68125 0.0265625 0.0265625
3 0.7796875 0.6359375 0.0296875 0.0265625
2 0.86796875 0.33984375 0.0265625 0.025
1 0.4828125 0.31484375 0.0265625 0.0265625