0 0.421875 0.36484375 0.025 0.025
1 0.6859375 0.64453125 0.028125 0.0265625
1 0.61796875 0.315625 0.0265625 0.0265625
1 0.48046875 0.62265625 0.028125 0.025
1 0.50234375 0.44375 0.0265625 0.0265625
3 0.2640625 0.3109375 0.028125 0.0265625
3 0.90390625 0.3859375 0.0265625 0.0265625
1 0.63671875 0.4671875 0.0265625 0.0265625
3 0.3484375 0.53984375 0.0296875 0.0265625
3 0.621875 0.41484375 0.0265625 0.0265625
3 0.18828125 0.63671875 0.028125 0.0265625
2 0.42890625 0.5265625 0.0265625 0.025
1 0.50390625 0.3140625 0.0265625 0.0265625
1 0.74375 0.7109375 0.028125 0.025