0 0.64453125 0.5484375 0.0296875 0.028125
1 0.8015625 0.403125 0.028125 0.0265625
1 0.89296875 0.50703125 0.03125 0.0296875
1 0.8828125 0.39375 0.03125 0.028125
1 0.1453125 0.65703125 0.03125 0.0265625
1 0.8 0.4578125 0.028125 0.028125
3 0.66328125 0.346875 0.0328125 0.03125
3 0.38515625 0.67734375 0.03125 0.0296875
3 0.8703125 0.56328125 0.03125 0.0296875
3 0.796875 0.62578125 0.03125 0.0296875
1 0.72890625 0.58828125 0.0296875 0.0296875
1 0.19609375 0.60078125 0.034375 0.03125
3 0.77421875 0.4578125 0.03125 0.0296875