3 0.784375 0.5015625 0.015625 0.0171875
3 0.771875 0.490625 0.0171875 0.0171875
3 0.69609375 0.5453125 0.0171875 0.015625
3 0.52265625 0.35625 0.0140625 0.015625
3 0.51796875 0.5375 0.0171875 0.015625
1 0.675 0.3953125 0.0171875 0.0171875
1 0.77265625 0.6296875 0.01875 0.0203125
1 0.7921875 0.51328125 0.0171875 0.0171875
1 0.51640625 0.265625 0.0140625 0.0140625
1 0.575 0.3078125 0.0125 0.015625
1 0.4953125 0.4203125 0.015625 0.0171875
3 0.78828125 0.5609375 0.0171875 0.015625
0 0.61875 0.51015625 0.0171875 0.0171875
2 0.48046875 0.4546875 0.0140625 0.015625