0 0.40390625 0.3765625 0.025 0.025
1 0.70234375 0.61875 0.028125 0.0265625
1 0.59140625 0.30078125 0.0265625 0.0265625
1 0.25546875 0.540625 0.028125 0.025
1 0.49453125 0.44375 0.0265625 0.0265625
3 0.23984375 0.34609375 0.028125 0.0265625
3 0.884375 0.33046875 0.0265625 0.0265625
1 0.4703125 0.67578125 0.0296875 0.025
1 0.63125 0.4484375 0.0265625 0.0265625
3 0.1859375 0.396875 0.0296875 0.0265625
3 0.60859375 0.3984375 0.0265625 0.0265625
3 0.6296875 0.66953125 0.0296875 0.0265625
2 0.78984375 0.65390625 0.0265625 0.025
1 0.47578125 0.315625 0.0265625 0.0265625