1 0.68125 0.4953125 0.025 0.0234375
1 0.703125 0.50625 0.021875 0.021875
1 0.7234375 0.471875 0.021875 0.021875
1 0.7640625 0.4484375 0.0234375 0.0234375
1 0.7453125 0.484375 0.0203125 0.0203125
1 0.765625 0.4953125 0.0234375 0.0203125
1 0.7421875 0.53125 0.0203125 0.021875
3 0.703125 0.4828125 0.0234375 0.021875
3 0.74375 0.50625 0.021875 0.021875
3 0.74375 0.4609375 0.0234375 0.025
3 0.7640625 0.471875 0.025 0.0234375
3 0.765625 0.51875 0.025 0.021875
3 0.7625 0.54375 0.025 0.021875
3 0.721875 0.51875 0.021875 0.021875
0 0.7234375 0.496875 0.021875 0.021875
2 0.1390625 0.565625 0.025 0.0234375