2 0.4671875 0.4703125 0.0265625 0.0265625
0 0.6859375 0.5015625 0.025 0.025
3 0.428125 0.38203125 0.028125 0.028125
3 0.15625 0.63046875 0.0296875 0.028125
3 0.79609375 0.421875 0.0296875 0.028125
3 0.71171875 0.30390625 0.028125 0.028125
3 0.75859375 0.3953125 0.028125 0.028125
1 0.85859375 0.296875 0.028125 0.028125
1 0.41640625 0.6296875 0.025 0.025
1 0.5609375 0.6765625 0.025 0.0265625
1 0.84375 0.67109375 0.028125 0.028125
1 0.7421875 0.5234375 0.0265625 0.025
1 0.68515625 0.453125 0.025 0.0234375
1 0.76953125 0.3359375 0.0265625 0.0265625