0 0.796875 0.546875 0.028125 0.0265625
1 0.71015625 0.6046875 0.0296875 0.028125
1 0.578125 0.29453125 0.028125 0.028125
1 0.80625 0.5109375 0.0296875 0.0265625
1 0.81953125 0.34609375 0.028125 0.028125
3 0.846875 0.53203125 0.0328125 0.0296875
3 0.871875 0.30390625 0.028125 0.028125
1 0.89375 0.54921875 0.028125 0.028125
1 0.62578125 0.43984375 0.0296875 0.028125
3 0.61015625 0.4953125 0.03125 0.028125
3 0.59765625 0.4515625 0.028125 0.028125
3 0.91875 0.63828125 0.028125 0.028125
3 0.7921875 0.60546875 0.03125 0.028125
2 0.84921875 0.30234375 0.028125 0.0265625
1 0.46328125 0.3171875 0.028125 0.028125