0 0.4078125 0.3734375 0.025 0.025
1 0.4359375 0.62578125 0.028125 0.0265625
1 0.59765625 0.30390625 0.0265625 0.0265625
1 0.25390625 0.53203125 0.028125 0.025
1 0.49609375 0.44375 0.0265625 0.0265625
3 0.24609375 0.33671875 0.028125 0.0265625
3 0.88984375 0.34375 0.0265625 0.0265625
1 0.6328125 0.453125 0.0265625 0.0265625
3 0.18984375 0.3859375 0.0296875 0.0265625
3 0.6125 0.40234375 0.0265625 0.0265625
3 0.20390625 0.66796875 0.028125 0.0265625
2 0.5921875 0.5421875 0.0265625 0.025
1 0.484375 0.31484375 0.0265625 0.0265625