0 0.33125 0.4125 0.025 0.025
1 0.34296875 0.46953125 0.025 0.0265625
1 0.66640625 0.30859375 0.0265625 0.0265625
1 0.50078125 0.44375 0.0265625 0.0265625
3 0.2578125 0.31953125 0.028125 0.0265625
3 0.8828125 0.31796875 0.0265625 0.0265625
1 0.6359375 0.4625 0.0265625 0.0265625
3 0.153125 0.3640625 0.0296875 0.0265625
3 0.61875 0.41015625 0.0265625 0.0265625
1 0.5953125 0.3125 0.0265625 0.0265625
1 0.4515625 0.4484375 0.028125 0.025
3 0.57890625 0.4734375 0.0265625 0.0265625
2 0.1484375 0.503125 0.028125 0.025
1 0.290625 0.40859375 0.0265625 0.0265625