3 0.78046875 0.45234375 0.01875 0.01875
3 0.76640625 0.44375 0.0203125 0.0203125
3 0.70078125 0.5109375 0.01875 0.01875
3 0.5 0.33203125 0.015625 0.0171875
3 0.52421875 0.534375 0.01875 0.01875
1 0.6546875 0.36640625 0.0203125 0.0203125
1 0.79140625 0.58046875 0.021875 0.0234375
1 0.78984375 0.46171875 0.0203125 0.0203125
1 0.459375 0.27421875 0.015625 0.015625
1 0.540625 0.29765625 0.0140625 0.0171875
1 0.5140625 0.409375 0.01875 0.01875
3 0.79453125 0.51015625 0.01875 0.01875
0 0.61875 0.4890625 0.0203125 0.0203125
2 0.47734375 0.4390625 0.015625 0.0171875