2 0.446875 0.47890625 0.0296875 0.0296875
0 0.6421875 0.553125 0.0296875 0.028125
1 0.75078125 0.446875 0.0296875 0.0296875
1 0.8921875 0.52109375 0.03125 0.0296875
1 0.8859375 0.40703125 0.03125 0.028125
1 0.13828125 0.646875 0.0296875 0.028125
1 0.43984375 0.52578125 0.03125 0.0296875
1 0.515625 0.3171875 0.03125 0.0296875
3 0.85859375 0.2390625 0.0296875 0.03125
3 0.66875 0.35234375 0.0328125 0.0296875
3 0.37890625 0.6734375 0.03125 0.0296875
3 0.4734375 0.321875 0.0296875 0.0296875
3 0.86796875 0.5765625 0.03125 0.0296875
3 0.21328125 0.52578125 0.03125 0.0296875