0 0.60859375 0.60703125 0.0296875 0.028125
1 0.14609375 0.3578125 0.028125 0.0265625
1 0.84921875 0.6765625 0.034375 0.03125
1 0.890625 0.57265625 0.03125 0.028125
1 0.10078125 0.49453125 0.03125 0.0265625
1 0.7578125 0.4265625 0.0296875 0.0296875
3 0.64296875 0.67890625 0.03125 0.0296875
3 0.31953125 0.609375 0.03125 0.0296875
3 0.80546875 0.71953125 0.03125 0.0296875
3 0.71171875 0.74296875 0.03125 0.0296875
1 0.6671875 0.6796875 0.0296875 0.0296875
1 0.1171875 0.44375 0.034375 0.03125
3 0.47109375 0.375 0.03125 0.0296875
3 0.18828125 0.45390625 0.0328125 0.03125
3 0.12578125 0.47421875 0.034375 0.0296875
2 0.60546875 0.38359375 0.0296875 0.028125