0 0.31875 0.44375 0.0265625 0.0265625
1 0.340625 0.496875 0.0265625 0.028125
1 0.64453125 0.2828125 0.028125 0.028125
1 0.56328125 0.6109375 0.028125 0.028125
3 0.2296875 0.3640625 0.0296875 0.028125
3 0.871875 0.3390625 0.03125 0.028125
1 0.75625 0.58203125 0.028125 0.028125
3 0.134375 0.4265625 0.03125 0.028125
3 0.60390625 0.64140625 0.028125 0.028125
1 0.775 0.46796875 0.028125 0.028125
1 0.4625 0.54921875 0.0296875 0.0265625
3 0.58828125 0.4875 0.028125 0.028125
2 0.453125 0.38203125 0.028125 0.03125