1 0.59375 0.321875 0.021875 0.0234375
1 0.61171875 0.31796875 0.0203125 0.021875
1 0.65 0.30859375 0.021875 0.021875
1 0.64140625 0.2921875 0.0171875 0.015625
1 0.62265625 0.296875 0.0171875 0.015625
1 0.6046875 0.3 0.015625 0.0140625
1 0.61484375 0.284375 0.0171875 0.015625
3 0.609375 0.29296875 0.01875 0.01875
3 0.628125 0.28828125 0.0171875 0.015625
3 0.5984375 0.31015625 0.0203125 0.01875
3 0.63671875 0.303125 0.0203125 0.0203125
3 0.6546875 0.2984375 0.0203125 0.021875
3 0.6703125 0.30546875 0.021875 0.0234375
3 0.63203125 0.31328125 0.021875 0.0234375
0 0.61640625 0.3078125 0.0203125 0.0203125
2 0.2640625 0.50078125 0.025 0.025