3 0.2484375 0.421875 0.13125 0.125
3 0.34375 0.475 0.1234375 0.1265625
3 0.5703125 0.6 0.1375 0.1390625
3 0.4640625 0.3078125 0.1125 0.1125
3 0.5640625 0.35625 0.11875 0.1140625
3 0.659375 0.209375 0.1109375 0.1125
3 0.678125 0.4109375 0.1296875 0.125
1 0.3578125 0.3640625 0.1125 0.1125
1 0.4484375 0.534375 0.121875 0.1296875
1 0.5671875 0.471875 0.1265625 0.1265625
1 0.6875 0.5296875 0.134375 0.13125
1 0.7 0.6703125 0.1515625 0.1515625
1 0.5625 0.2578125 0.1125 0.109375
1 0.66875 0.3 0.11875 0.109375
0 0.4578125 0.41875 0.11875 0.115625