0 0.765625 0.640625 0.0296875 0.028125
1 0.66484375 0.6671875 0.03125 0.0296875
1 0.640625 0.33125 0.0296875 0.0296875
1 0.7859375 0.609375 0.03125 0.028125
1 0.8515625 0.45859375 0.0296875 0.0296875
3 0.81796875 0.64296875 0.034375 0.03125
3 0.91484375 0.4359375 0.0296875 0.0296875
1 0.85625 0.67421875 0.0296875 0.0296875
1 0.68984375 0.50625 0.03125 0.0296875
3 0.6296875 0.5109375 0.0328125 0.0328125
3 0.6078125 0.4859375 0.0296875 0.0296875
3 0.85078125 0.7671875 0.0296875 0.0296875
3 0.7421875 0.6953125 0.0328125 0.0296875
2 0.45390625 0.39375 0.0296875 0.028125
1 0.5609375 0.33515625 0.0296875 0.0296875