0 0.728125 0.44453125 0.0296875 0.028125
1 0.11875 0.51328125 0.0265625 0.0265625
1 0.890625 0.51953125 0.034375 0.0296875
1 0.81640625 0.4734375 0.03125 0.028125
1 0.26328125 0.54296875 0.028125 0.0265625
1 0.8109375 0.3296875 0.0296875 0.0296875
3 0.834375 0.51640625 0.03125 0.0296875
3 0.7 0.39296875 0.0296875 0.0296875
1 0.7765625 0.61953125 0.0296875 0.0296875
1 0.16171875 0.50546875 0.03125 0.0296875
3 0.709375 0.284375 0.0328125 0.0296875
3 0.4453125 0.31796875 0.0296875 0.0296875
3 0.48046875 0.31875 0.0296875 0.0296875
3 0.17265625 0.575 0.034375 0.0296875
3 0.4265625 0.47265625 0.0328125 0.0296875
2 0.284375 0.628125 0.0296875 0.028125