1 0.1609375 0.4546875 0.03125 0.0265625
1 0.46953125 0.53203125 0.0296875 0.0296875
1 0.78515625 0.565625 0.028125 0.0265625
1 0.83359375 0.43203125 0.028125 0.025
1 0.84140625 0.409375 0.0296875 0.0265625
3 0.84140625 0.31640625 0.028125 0.0296875
3 0.79140625 0.36171875 0.028125 0.0296875
3 0.53046875 0.50390625 0.028125 0.028125
3 0.70078125 0.6453125 0.0296875 0.028125
3 0.53203125 0.5921875 0.0265625 0.028125
3 0.4890625 0.67734375 0.028125 0.028125
0 0.540625 0.39453125 0.025 0.028125
2 0.2421875 0.68125 0.0265625 0.0265625