1 0.1578125 0.48515625 0.0328125 0.028125
1 0.471875 0.534375 0.03125 0.03125
1 0.228125 0.75390625 0.0328125 0.028125
1 0.82578125 0.40390625 0.0296875 0.0265625
1 0.83203125 0.3796875 0.03125 0.028125
3 0.8234375 0.2875 0.0296875 0.03125
3 0.778125 0.33359375 0.0296875 0.03125
3 0.61171875 0.49375 0.0296875 0.0296875
3 0.7125 0.62734375 0.03125 0.0296875
3 0.53984375 0.5890625 0.028125 0.0296875
3 0.50390625 0.678125 0.0296875 0.0296875
0 0.675 0.4515625 0.0265625 0.0296875
2 0.7171875 0.4859375 0.0265625 0.028125