2 0.43046875 0.50546875 0.0296875 0.0296875
0 0.72578125 0.46640625 0.028125 0.0265625
1 0.859375 0.3328125 0.028125 0.0296875
1 0.83515625 0.31875 0.0296875 0.0296875
1 0.83984375 0.3640625 0.0296875 0.028125
1 0.8265625 0.28671875 0.028125 0.028125
1 0.7078125 0.6203125 0.0296875 0.028125
1 0.5125 0.3171875 0.03125 0.0296875
3 0.71015625 0.32265625 0.0296875 0.03125
3 0.765625 0.62109375 0.0296875 0.03125
3 0.6625 0.334375 0.028125 0.028125
3 0.38203125 0.675 0.03125 0.0296875
3 0.7203125 0.56015625 0.0296875 0.028125
3 0.86953125 0.5703125 0.03125 0.0296875
3 0.21484375 0.53203125 0.03125 0.0296875