0 0.64140625 0.55625 0.028125 0.028125
1 0.80625 0.41875 0.0265625 0.025
1 0.8921875 0.52734375 0.03125 0.0296875
1 0.8875 0.4140625 0.0296875 0.028125
1 0.1375 0.63828125 0.0296875 0.0265625
1 0.8015625 0.4734375 0.0265625 0.0265625
3 0.67109375 0.35546875 0.0328125 0.0296875
3 0.3765625 0.67109375 0.03125 0.0296875
3 0.8671875 0.5828125 0.03125 0.0296875
3 0.78984375 0.640625 0.03125 0.0296875
1 0.72421875 0.6 0.0296875 0.0296875
1 0.19140625 0.584375 0.0328125 0.0296875
3 0.77578125 0.471875 0.03125 0.0296875