0 0.6171875 0.596875 0.028125 0.0265625
1 0.13515625 0.3890625 0.0265625 0.025
1 0.86328125 0.6453125 0.0328125 0.028125
1 0.8953125 0.53828125 0.0296875 0.0265625
1 0.103125 0.53125 0.0296875 0.025
1 0.75 0.40390625 0.028125 0.028125
3 0.3296875 0.62421875 0.0296875 0.028125
3 0.63359375 0.61328125 0.028125 0.028125
1 0.67734375 0.6625 0.028125 0.028125
1 0.11328125 0.47734375 0.0328125 0.028125
3 0.46015625 0.37734375 0.0296875 0.028125
3 0.18515625 0.48125 0.03125 0.028125
3 0.125 0.50703125 0.0328125 0.0265625
2 0.67265625 0.4734375 0.028125 0.0265625