0 0.765625 0.64921875 0.0296875 0.0296875
1 0.653125 0.678125 0.0328125 0.03125
1 0.65546875 0.35390625 0.03125 0.03125
1 0.79609375 0.61484375 0.03125 0.0296875
1 0.85390625 0.48359375 0.03125 0.03125
3 0.825 0.62109375 0.0328125 0.03125
3 0.91875 0.46484375 0.03125 0.03125
1 0.84296875 0.6984375 0.03125 0.03125
1 0.8265625 0.46484375 0.0328125 0.03125
3 0.7828125 0.39765625 0.034375 0.03125
3 0.60859375 0.49375 0.03125 0.03125
3 0.83125 0.790625 0.03125 0.03125
3 0.728125 0.71171875 0.034375 0.03125
2 0.32734375 0.6203125 0.0296875 0.0296875
1 0.73359375 0.49296875 0.03125 0.03125