2 0.40625 0.40234375 0.0296875 0.0296875
0 0.68515625 0.478125 0.0265625 0.0265625
3 0.4625 0.34296875 0.03125 0.03125
3 0.74609375 0.36640625 0.0296875 0.03125
3 0.784375 0.38671875 0.0328125 0.03125
3 0.68671875 0.2796875 0.03125 0.03125
1 0.4328125 0.6390625 0.0265625 0.0265625
1 0.58203125 0.66796875 0.028125 0.028125
1 0.8625 0.628125 0.03125 0.03125
1 0.74296875 0.49375 0.028125 0.028125
1 0.678125 0.43046875 0.0265625 0.025
1 0.74765625 0.30390625 0.0296875 0.0296875
1 0.83125 0.2546875 0.0296875 0.0296875