3 0.6765625 0.509375 0.025 0.0265625
3 0.6953125 0.5234375 0.0265625 0.025
3 0.7328125 0.55 0.0265625 0.0265625
3 0.75703125 0.51796875 0.025 0.025
3 0.76015625 0.47109375 0.028125 0.0265625
3 0.7171875 0.4890625 0.0265625 0.0265625
3 0.73828125 0.50390625 0.0234375 0.025
1 0.69609375 0.4984375 0.025 0.0234375
1 0.73828125 0.48046875 0.025 0.0234375
1 0.759375 0.49453125 0.021875 0.0234375
1 0.7359375 0.5265625 0.021875 0.021875
1 0.75546875 0.54140625 0.0234375 0.0234375
1 0.75 0.5625 0.025 0.0234375
1 0.71328125 0.5375 0.0234375 0.0234375
0 0.71640625 0.5140625 0.025 0.025
2 0.465625 0.4625 0.0265625 0.0265625