2 0.7140625 0.328125 0.0203125 0.0203125
3 0.61875 0.409375 0.025 0.0265625
3 0.78984375 0.36640625 0.0234375 0.0234375
3 0.7234375 0.35546875 0.021875 0.0234375
3 0.73515625 0.31015625 0.0203125 0.0203125
3 0.6453125 0.35234375 0.021875 0.0234375
3 0.5546875 0.28828125 0.01875 0.0203125
1 0.453125 0.31953125 0.01875 0.0203125
1 0.55625 0.29453125 0.01875 0.01875
1 0.6421875 0.29140625 0.0203125 0.0203125
1 0.58046875 0.30234375 0.01875 0.0203125
1 0.75 0.303125 0.01875 0.0203125
1 0.53515625 0.340625 0.0203125 0.021875
0 0.55703125 0.36875 0.0234375 0.0234375