0 0.321875 0.434375 0.025 0.025
1 0.340625 0.4890625 0.025 0.0265625
1 0.64140625 0.28984375 0.0265625 0.0265625
1 0.49375 0.44375 0.0265625 0.0265625
3 0.2375 0.35078125 0.028125 0.0265625
3 0.8578125 0.27265625 0.0265625 0.0265625
1 0.63046875 0.44609375 0.0265625 0.0265625
3 0.1390625 0.4078125 0.0296875 0.028125
3 0.60703125 0.396875 0.0265625 0.0265625
1 0.571875 0.30234375 0.0265625 0.0265625
1 0.44609375 0.4546875 0.028125 0.025
3 0.575 0.46328125 0.0265625 0.0265625
2 0.134375 0.51953125 0.028125 0.025
1 0.28125 0.434375 0.0265625 0.0265625