3 0.796875 0.503125 0.015625 0.0171875
3 0.7734375 0.4859375 0.0171875 0.0171875
3 0.671875 0.5515625 0.015625 0.0171875
3 0.696875 0.5421875 0.0171875 0.015625
3 0.5234375 0.4640625 0.0171875 0.015625
3 0.51875 0.5359375 0.0171875 0.015625
1 0.6765625 0.7015625 0.0171875 0.01875
1 0.775 0.6234375 0.01875 0.0171875
1 0.7765625 0.5140625 0.0171875 0.0171875
1 0.70625 0.5 0.0171875 0.015625
1 0.590625 0.440625 0.015625 0.0171875
1 0.5578125 0.4171875 0.0171875 0.015625
1 0.5453125 0.521875 0.0171875 0.0171875
0 0.6359375 0.525 0.0171875 0.0171875
2 0.696875 0.4828125 0.015625 0.0171875