2 0.703125 0.3234375 0.025 0.025
0 0.121875 0.5125 0.0265625 0.021875
1 0.8859375 0.4109375 0.0234375 0.025
1 0.865625 0.3921875 0.0265625 0.025
1 0.8609375 0.4375 0.025 0.0234375
1 0.8640625 0.359375 0.025 0.0234375
1 0.678125 0.6609375 0.025 0.0234375
1 0.55 0.3234375 0.0265625 0.025
3 0.7828125 0.31875 0.025 0.0265625
3 0.734375 0.6734375 0.025 0.0265625
3 0.6796875 0.3671875 0.0234375 0.0234375
3 0.3484375 0.646875 0.0265625 0.025
3 0.5078125 0.3203125 0.025 0.025
3 0.846875 0.6453125 0.0265625 0.025
3 0.2140625 0.471875 0.0265625 0.025