3 0.3703125 0.62421875 0.15 0.1484375
3 0.34609375 0.4171875 0.121875 0.121875
3 0.44609375 0.43984375 0.1234375 0.121875
3 0.55546875 0.4671875 0.134375 0.13125
3 0.4125 0.27265625 0.1140625 0.1078125
3 0.6078125 0.303125 0.1203125 0.115625
3 0.7171875 0.32578125 0.1296875 0.128125
1 0.32578125 0.2578125 0.10625 0.0953125
1 0.334375 0.32890625 0.109375 0.096875
1 0.5046875 0.2875 0.1125 0.10625
1 0.4296875 0.34609375 0.1140625 0.1046875
1 0.64296875 0.39609375 0.128125 0.1296875
1 0.35625 0.509375 0.13125 0.1203125
1 0.46640625 0.54140625 0.1390625 0.134375
0 0.5359375 0.3734375 0.125 0.11875