1 0.4640625 0.4890625 0.0703125 0.0703125
1 0.5109375 0.440625 0.065625 0.071875
1 0.490625 0.3875 0.065625 0.0640625
1 0.428125 0.3796875 0.0609375 0.0640625
1 0.4546875 0.290625 0.05625 0.05625
1 0.575 0.2984375 0.0609375 0.0609375
1 0.5984375 0.3453125 0.0625 0.0625
0 0.4703125 0.3375 0.0625 0.059375
3 0.4 0.2890625 0.059375 0.0578125
3 0.4109375 0.334375 0.059375 0.059375
3 0.5140625 0.2953125 0.0609375 0.0640625
3 0.5328125 0.340625 0.059375 0.0625
3 0.5546875 0.3921875 0.065625 0.06875
3 0.6390625 0.303125 0.065625 0.06875
3 0.4453125 0.4328125 0.0625 0.065625