2 0.6546875 0.2734375 0.0234375 0.0234375
3 0.5875 0.378125 0.028125 0.0296875
3 0.73828125 0.2875 0.0265625 0.0265625
3 0.67109375 0.29609375 0.025 0.0265625
3 0.66953125 0.25 0.0234375 0.0234375
3 0.59609375 0.31640625 0.025 0.0265625
3 0.490625 0.28203125 0.021875 0.021875
1 0.40234375 0.340625 0.021875 0.021875
1 0.49375 0.2875 0.0203125 0.0203125
1 0.575 0.259375 0.0234375 0.0234375
1 0.51953125 0.2875 0.021875 0.021875
1 0.68125 0.2390625 0.021875 0.021875
1 0.48671875 0.3375 0.0234375 0.025
0 0.515625 0.3578125 0.0265625 0.0265625