3 0.2015625 0.43515625 0.175 0.1703125
3 0.4265625 0.33515625 0.1296875 0.125
3 0.440625 0.415625 0.14375 0.13125
3 0.4578125 0.5234375 0.171875 0.171875
3 0.75703125 0.62734375 0.1921875 0.1890625
3 0.70703125 0.503125 0.165625 0.1640625
3 0.62109375 0.33125 0.128125 0.121875
1 0.32578125 0.375 0.1359375 0.1328125
1 0.3265625 0.4796875 0.1703125 0.1671875
1 0.60234375 0.57734375 0.175 0.1765625
1 0.66015625 0.40859375 0.134375 0.13125
1 0.5390625 0.37109375 0.125 0.1296875
1 0.51640625 0.2953125 0.109375 0.1078125
1 0.596875 0.26875 0.1078125 0.1109375
0 0.57109375 0.46171875 0.153125 0.15