2 0.33984375 0.33046875 0.021875 0.021875
3 0.628125 0.421875 0.0265625 0.028125
3 0.81015625 0.3875 0.025 0.025
3 0.70078125 0.359375 0.021875 0.0234375
3 0.63671875 0.34609375 0.0234375 0.025
3 0.64453125 0.2890625 0.01875 0.01875
3 0.5765625 0.2953125 0.0203125 0.021875
1 0.47265625 0.315625 0.0203125 0.021875
1 0.59375 0.3078125 0.021875 0.021875
1 0.63359375 0.29375 0.01875 0.01875
1 0.6796875 0.34609375 0.0234375 0.0234375
1 0.721875 0.3265625 0.021875 0.021875
1 0.78125 0.3828125 0.0234375 0.025
0 0.6734375 0.36171875 0.021875 0.0234375