2 0.44765625 0.375 0.0296875 0.0296875
0 0.68046875 0.54609375 0.028125 0.028125
3 0.521875 0.33984375 0.03125 0.03125
3 0.778125 0.46328125 0.0296875 0.03125
3 0.80625 0.49609375 0.0328125 0.03125
3 0.753125 0.36171875 0.03125 0.03125
1 0.3875 0.60546875 0.028125 0.028125
1 0.51640625 0.6859375 0.028125 0.0296875
1 0.7921875 0.74921875 0.03125 0.03125
1 0.7296875 0.58125 0.0296875 0.028125
1 0.69140625 0.49921875 0.0265625 0.0265625
1 0.8015625 0.40546875 0.0296875 0.0296875
1 0.896875 0.3890625 0.0296875 0.0296875