0 0.628125 0.58203125 0.025 0.0234375
1 0.12421875 0.434375 0.0234375 0.021875
1 0.8796875 0.6015625 0.0265625 0.025
1 0.896875 0.48984375 0.0265625 0.0234375
1 0.1078125 0.57734375 0.0265625 0.021875
1 0.73671875 0.37421875 0.0234375 0.0234375
3 0.575 0.3421875 0.028125 0.025
3 0.34609375 0.64453125 0.0265625 0.025
3 0.84453125 0.6515625 0.0265625 0.025
3 0.7578125 0.69375 0.0265625 0.025
1 0.70078125 0.64140625 0.025 0.025
1 0.11328125 0.52421875 0.0296875 0.025
3 0.44609375 0.38359375 0.0265625 0.025
3 0.1859375 0.51953125 0.028125 0.025
3 0.12890625 0.553125 0.0296875 0.0234375
2 0.46171875 0.36328125 0.025 0.0234375