2 0.5671875 0.615625 0.028125 0.028125
0 0.72734375 0.478125 0.0265625 0.025
1 0.8671875 0.3515625 0.0265625 0.028125
1 0.84453125 0.3359375 0.028125 0.028125
1 0.846875 0.38203125 0.028125 0.0265625
1 0.8375 0.30390625 0.0265625 0.0265625
1 0.70078125 0.63125 0.028125 0.0265625
1 0.521875 0.31796875 0.0296875 0.028125
3 0.71875 0.334375 0.028125 0.0296875
3 0.75859375 0.634375 0.028125 0.0296875
3 0.67109375 0.34296875 0.0265625 0.0265625
3 0.4703125 0.63125 0.0296875 0.028125
3 0.7171875 0.571875 0.028125 0.0265625
3 0.865625 0.5890625 0.0296875 0.028125
3 0.21328125 0.5171875 0.0296875 0.028125