0 0.3546875 0.37734375 0.028125 0.028125
1 0.35390625 0.43515625 0.0296875 0.0296875
1 0.7046875 0.35078125 0.03125 0.03125
1 0.51328125 0.4453125 0.03125 0.03125
3 0.3046875 0.26953125 0.0328125 0.03125
3 0.9140625 0.40859375 0.03125 0.03125
1 0.640625 0.49375 0.03125 0.03125
3 0.1921875 0.28984375 0.034375 0.03125
3 0.6359375 0.4390625 0.03125 0.03125
1 0.63515625 0.3390625 0.03125 0.03125
1 0.46484375 0.4390625 0.03125 0.0296875
3 0.5828125 0.49140625 0.03125 0.03125
2 0.15625 0.42421875 0.03125 0.0296875
1 0.31640625 0.36328125 0.03125 0.03125