2 0.30859375 0.36796875 0.0203125 0.0203125
3 0.60859375 0.39765625 0.025 0.0265625
3 0.78046875 0.32578125 0.0234375 0.0234375
3 0.6671875 0.3203125 0.0203125 0.021875
3 0.6015625 0.32109375 0.021875 0.0234375
3 0.596875 0.26328125 0.0171875 0.01875
3 0.5328125 0.28359375 0.01875 0.0203125
1 0.434375 0.325 0.01875 0.0203125
1 0.5515625 0.2921875 0.0203125 0.0203125
1 0.58828125 0.2703125 0.0171875 0.01875
1 0.64375 0.3125 0.021875 0.021875
1 0.68125 0.28359375 0.0203125 0.0203125
1 0.75078125 0.32734375 0.021875 0.0234375
0 0.64140625 0.328125 0.0203125 0.021875