3 0.66953125 0.4515625 0.028125 0.0296875
3 0.6921875 0.45859375 0.0296875 0.028125
3 0.7359375 0.471875 0.0296875 0.0296875
3 0.74921875 0.4328125 0.028125 0.028125
3 0.7359375 0.38828125 0.03125 0.03125
3 0.70234375 0.41875 0.0296875 0.0296875
3 0.7265625 0.42578125 0.0265625 0.028125
1 0.68515625 0.434375 0.028125 0.0265625
1 0.71875 0.403125 0.028125 0.0265625
1 0.74296875 0.41015625 0.025 0.0265625
1 0.73203125 0.4484375 0.025 0.025
1 0.7546875 0.45546875 0.0265625 0.0265625
1 0.75703125 0.478125 0.028125 0.0265625
1 0.7140625 0.46640625 0.0265625 0.0265625
0 0.709375 0.44296875 0.028125 0.028125
2 0.45546875 0.47578125 0.0296875 0.0296875