2 0.42890625 0.38515625 0.0265625 0.0265625
0 0.68515625 0.5171875 0.025 0.025
3 0.49296875 0.3421875 0.028125 0.028125
3 0.76875 0.4203125 0.0265625 0.028125
3 0.80234375 0.44765625 0.0296875 0.028125
3 0.728125 0.3234375 0.028125 0.028125
1 0.4046875 0.621875 0.025 0.025
1 0.5453125 0.68125 0.025 0.0265625
1 0.82734375 0.70078125 0.028125 0.028125
1 0.7390625 0.54453125 0.0265625 0.025
1 0.6890625 0.46875 0.0234375 0.0234375
1 0.7828125 0.36015625 0.0265625 0.0265625
1 0.875 0.32890625 0.0265625 0.0265625