0 0.7953125 0.575 0.025 0.0234375
1 0.69375 0.6328125 0.0265625 0.025
1 0.6125 0.31875 0.025 0.025
1 0.815625 0.534375 0.0265625 0.0234375
1 0.8375 0.3921875 0.025 0.025
3 0.8453125 0.5328125 0.0265625 0.025
3 0.8953125 0.3578125 0.025 0.025
1 0.8828125 0.603125 0.025 0.025
1 0.80625 0.38125 0.0265625 0.025
3 0.746875 0.328125 0.028125 0.025
3 0.603125 0.465625 0.025 0.025
3 0.8953125 0.6953125 0.025 0.025
3 0.775 0.6453125 0.028125 0.025
2 0.3640625 0.6609375 0.025 0.0234375
1 0.7234375 0.4328125 0.025 0.025