2 0.7375 0.3734375 0.0296875 0.0296875
0 0.12890625 0.42734375 0.03125 0.0265625
1 0.89609375 0.5 0.028125 0.0296875
1 0.88046875 0.47734375 0.03125 0.0296875
1 0.865625 0.5203125 0.0296875 0.028125
1 0.88671875 0.44453125 0.0296875 0.028125
1 0.6375 0.696875 0.0296875 0.028125
1 0.58828125 0.3390625 0.03125 0.0296875
3 0.81640625 0.38671875 0.0296875 0.03125
3 0.6890625 0.721875 0.0296875 0.03125
3 0.7046875 0.4109375 0.028125 0.028125
3 0.31953125 0.609375 0.03125 0.0296875
3 0.54765625 0.3265625 0.0296875 0.0296875
3 0.80546875 0.71953125 0.03125 0.0296875
3 0.22734375 0.40859375 0.03125 0.0296875