2 0.9 0.4875 0.025 0.025
0 0.728125 0.5140625 0.0234375 0.021875
1 0.8859375 0.4109375 0.0234375 0.025
1 0.865625 0.3921875 0.025 0.025
1 0.865625 0.440625 0.025 0.0234375
1 0.8609375 0.35 0.0234375 0.0234375
1 0.6859375 0.5484375 0.025 0.0234375
1 0.7359375 0.609375 0.0265625 0.025
3 0.740625 0.371875 0.025 0.0265625
3 0.7625 0.690625 0.025 0.0265625
3 0.69375 0.371875 0.0234375 0.0234375
3 0.6640625 0.553125 0.0265625 0.025
3 0.7109375 0.5984375 0.025 0.0234375
3 0.846875 0.6453125 0.0265625 0.025
3 0.659375 0.6734375 0.0265625 0.025