3 0.784375 0.50703125 0.015625 0.0171875
3 0.771875 0.4953125 0.0171875 0.0171875
3 0.6953125 0.54921875 0.0171875 0.015625
3 0.53203125 0.33515625 0.0140625 0.015625
3 0.5171875 0.53828125 0.0171875 0.015625
1 0.67734375 0.3984375 0.0171875 0.0171875
1 0.7703125 0.634375 0.01875 0.0203125
1 0.79140625 0.51796875 0.0171875 0.0171875
1 0.503125 0.2703125 0.0140625 0.0140625
1 0.57890625 0.30859375 0.0125 0.015625
3 0.78671875 0.56640625 0.0171875 0.015625
0 0.61875 0.51171875 0.0171875 0.0171875
2 0.65703125 0.71015625 0.01875 0.0203125