0 0.1796875 0.4390625 0.028125 0.025
1 0.70234375 0.61875 0.028125 0.0265625
1 0.59140625 0.30078125 0.0265625 0.0265625
1 0.3984375 0.684375 0.025 0.0234375
1 0.82890625 0.36875 0.0265625 0.0265625
3 0.28359375 0.35703125 0.028125 0.0265625
3 0.884375 0.33046875 0.0265625 0.0265625
1 0.1328125 0.55859375 0.0296875 0.025
1 0.63125 0.4484375 0.0265625 0.0265625
3 0.29375 0.3921875 0.0296875 0.0265625
3 0.60859375 0.3984375 0.0265625 0.0265625
3 0.9078125 0.6671875 0.0265625 0.0265625
3 0.784375 0.62578125 0.0296875 0.0265625
2 0.8625 0.32734375 0.0265625 0.025
1 0.47578125 0.315625 0.0265625 0.0265625