0 0.3328125 0.41015625 0.025 0.025
1 0.34375 0.46640625 0.025 0.0265625
1 0.66953125 0.31171875 0.0265625 0.0265625
1 0.5015625 0.44375 0.0265625 0.0265625
3 0.2609375 0.315625 0.028125 0.0265625
3 0.8859375 0.325 0.0265625 0.0265625
1 0.63671875 0.46484375 0.0265625 0.0265625
3 0.15546875 0.35859375 0.0296875 0.0265625
3 0.6203125 0.4125 0.0265625 0.0265625
1 0.59921875 0.3140625 0.0265625 0.0265625
1 0.45234375 0.44765625 0.028125 0.025
3 0.5796875 0.47421875 0.0265625 0.0265625
2 0.13515625 0.46875 0.028125 0.025
1 0.2921875 0.4046875 0.0265625 0.0265625