1 0.1625 0.44296875 0.0296875 0.0265625
1 0.453125 0.52265625 0.0265625 0.0265625
1 0.4875 0.5375 0.025 0.025
1 0.83515625 0.44375 0.0265625 0.0234375
1 0.84453125 0.42109375 0.028125 0.025
3 0.84765625 0.328125 0.0265625 0.028125
3 0.79609375 0.371875 0.0265625 0.028125
3 0.53046875 0.50546875 0.0265625 0.0265625
3 0.6953125 0.65234375 0.028125 0.0265625
3 0.490625 0.6265625 0.025 0.0265625
3 0.4828125 0.67734375 0.0265625 0.0265625
0 0.54453125 0.39609375 0.0234375 0.0265625
2 0.2515625 0.6375 0.025 0.025