0 0.3296875 0.415625 0.0234375 0.0234375
1 0.34296875 0.471875 0.0234375 0.025
1 0.6625 0.30625 0.025 0.025
1 0.49921875 0.44375 0.025 0.025
3 0.2546875 0.3234375 0.0265625 0.025
3 0.8796875 0.3109375 0.025 0.025
1 0.63515625 0.46015625 0.025 0.025
3 0.15078125 0.3703125 0.028125 0.025
3 0.6171875 0.40859375 0.025 0.025
1 0.6421875 0.31484375 0.025 0.025
1 0.45078125 0.44921875 0.0265625 0.0234375
3 0.57890625 0.471875 0.025 0.025
2 0.43203125 0.4421875 0.0265625 0.0234375
1 0.63671875 0.38515625 0.025 0.025