1 0.15859375 0.47265625 0.03125 0.028125
1 0.47109375 0.53359375 0.03125 0.03125
1 0.78828125 0.55078125 0.028125 0.028125
1 0.8296875 0.41484375 0.028125 0.0265625
1 0.8359375 0.39140625 0.0296875 0.028125
3 0.83125 0.29921875 0.0296875 0.03125
3 0.78359375 0.346875 0.0296875 0.03125
3 0.53046875 0.50234375 0.0296875 0.0296875
3 0.7078125 0.634375 0.03125 0.0296875
3 0.53671875 0.590625 0.028125 0.028125
3 0.4984375 0.678125 0.0296875 0.0296875
0 0.53515625 0.3921875 0.0265625 0.028125
2 0.2515625 0.69453125 0.0265625 0.0265625