0 0.73125 0.459375 0.028125 0.0265625
1 0.11875 0.48671875 0.0265625 0.025
1 0.88828125 0.546875 0.0328125 0.028125
1 0.8171875 0.4953125 0.0296875 0.0265625
1 0.2609375 0.5265625 0.028125 0.025
1 0.821875 0.3515625 0.028125 0.028125
3 0.83203125 0.53984375 0.0296875 0.028125
3 0.70703125 0.40703125 0.028125 0.028125
1 0.7671875 0.6390625 0.028125 0.028125
1 0.1625 0.48125 0.0296875 0.028125
3 0.72421875 0.29921875 0.03125 0.028125
3 0.46640625 0.31484375 0.028125 0.028125
3 0.91640625 0.6453125 0.028125 0.028125
3 0.16796875 0.5515625 0.0328125 0.028125
3 0.4296875 0.45234375 0.03125 0.028125
2 0.57578125 0.4734375 0.028125 0.0265625