0 0.72578125 0.43671875 0.0296875 0.028125
1 0.11953125 0.5265625 0.028125 0.0265625
1 0.89140625 0.50625 0.034375 0.03125
1 0.815625 0.4625 0.03125 0.028125
1 0.26484375 0.55078125 0.0296875 0.0265625
1 0.8046875 0.31875 0.0296875 0.0296875
3 0.834375 0.5046875 0.03125 0.0296875
3 0.696875 0.3859375 0.0296875 0.0296875
1 0.78046875 0.61015625 0.0296875 0.0296875
1 0.1625 0.5171875 0.03125 0.0296875
3 0.7015625 0.27734375 0.0328125 0.03125
3 0.4390625 0.3203125 0.0296875 0.0296875
3 0.47421875 0.31953125 0.0296875 0.0296875
3 0.175 0.5859375 0.034375 0.03125
3 0.425 0.459375 0.0328125 0.03125
2 0.2890625 0.63515625 0.0296875 0.028125