0 0.78203125 0.615625 0.028125 0.0265625
1 0.1390625 0.3875 0.028125 0.025
1 0.53671875 0.3296875 0.028125 0.028125
1 0.8078125 0.578125 0.0296875 0.0265625
1 0.84921875 0.43984375 0.028125 0.028125
3 0.8109375 0.62421875 0.0296875 0.028125
3 0.83203125 0.415625 0.028125 0.028125
1 0.7234375 0.675 0.028125 0.028125
1 0.17890625 0.39453125 0.0296875 0.028125
3 0.76875 0.3640625 0.03125 0.028125
3 0.515625 0.3125 0.028125 0.028125
3 0.8640625 0.7484375 0.028125 0.028125
3 0.165625 0.4640625 0.0328125 0.028125
3 0.44453125 0.43515625 0.03125 0.028125
2 0.71640625 0.575 0.028125 0.0265625
1 0.26328125 0.46484375 0.03125 0.028125