3 0.7828125 0.5265625 0.0171875 0.01875
3 0.771875 0.5140625 0.01875 0.01875
3 0.69140625 0.5625 0.01875 0.0171875
3 0.54375 0.33828125 0.015625 0.0171875
3 0.51484375 0.5390625 0.01875 0.0171875
1 0.68359375 0.4109375 0.01875 0.01875
1 0.76015625 0.653125 0.0203125 0.021875
1 0.78984375 0.53828125 0.01875 0.01875
1 0.51953125 0.27109375 0.015625 0.015625
1 0.59140625 0.31484375 0.0140625 0.0171875
1 0.5375 0.415625 0.0171875 0.01875
3 0.78125 0.5859375 0.01875 0.0171875
0 0.6171875 0.5203125 0.01875 0.01875
2 0.49453125 0.43515625 0.015625 0.0171875