0 0.778125 0.625 0.028125 0.028125
1 0.14296875 0.375 0.028125 0.0265625
1 0.57421875 0.584375 0.0328125 0.0296875
1 0.8046875 0.58828125 0.0296875 0.028125
1 0.85078125 0.45234375 0.0296875 0.0296875
3 0.80625 0.63515625 0.03125 0.0296875
3 0.83515625 0.42734375 0.0296875 0.0296875
1 0.7171875 0.6828125 0.0296875 0.0296875
1 0.1828125 0.38359375 0.03125 0.0296875
3 0.77265625 0.3734375 0.0328125 0.0296875
3 0.521875 0.31328125 0.0296875 0.0296875
3 0.85546875 0.7609375 0.0296875 0.0296875
3 0.1671875 0.45234375 0.0328125 0.0296875
3 0.446875 0.43359375 0.0328125 0.0296875
2 0.66875 0.6328125 0.028125 0.028125
1 0.26484375 0.45703125 0.0328125 0.0296875