0 0.321875 0.434375 0.025 0.025
1 0.340625 0.4890625 0.025 0.0265625
1 0.63828125 0.290625 0.0265625 0.0265625
1 0.49375 0.44375 0.0265625 0.0265625
3 0.2375 0.35078125 0.028125 0.0265625
3 0.8578125 0.27265625 0.0265625 0.0265625
1 0.63046875 0.44609375 0.0265625 0.0265625
3 0.1390625 0.4078125 0.0296875 0.028125
3 0.60703125 0.396875 0.0265625 0.0265625
3 0.21484375 0.68203125 0.0296875 0.028125
1 0.5703125 0.30234375 0.0265625 0.0265625
1 0.44609375 0.4546875 0.028125 0.025
3 0.60859375 0.5234375 0.0265625 0.0265625
2 0.8484375 0.47109375 0.028125 0.025
1 0.28125 0.434375 0.0265625 0.0265625