2 0.26875 0.5625 0.028125 0.0265625
1 0.68359375 0.48203125 0.028125 0.028125
1 0.70546875 0.48984375 0.0265625 0.0265625
1 0.7203125 0.453125 0.0265625 0.025
1 0.740625 0.46171875 0.025 0.0234375
1 0.7609375 0.47109375 0.025 0.025
1 0.75625 0.42578125 0.025 0.025
1 0.7453125 0.5078125 0.025 0.025
3 0.7375 0.43984375 0.0265625 0.0265625
3 0.7578125 0.44765625 0.0265625 0.025
3 0.7015625 0.465625 0.0265625 0.0265625
3 0.7265625 0.4984375 0.0265625 0.0265625
3 0.74375 0.484375 0.0265625 0.025
3 0.7640625 0.49296875 0.025 0.025
3 0.76875 0.515625 0.028125 0.0265625
0 0.72421875 0.4765625 0.025 0.0265625