0 0.7328125 0.5296875 0.028125 0.028125
1 0.13984375 0.37578125 0.0265625 0.025
1 0.8578125 0.65859375 0.0328125 0.0296875
1 0.8046875 0.58828125 0.0296875 0.028125
1 0.26328125 0.45546875 0.028125 0.0265625
1 0.85078125 0.45234375 0.0296875 0.0296875
3 0.80625 0.63515625 0.03125 0.0296875
3 0.72578125 0.471875 0.0296875 0.0296875
1 0.71484375 0.7109375 0.0296875 0.0296875
1 0.1828125 0.38359375 0.03125 0.0296875
3 0.77265625 0.3734375 0.0328125 0.0296875
3 0.5140625 0.3109375 0.0296875 0.0296875
3 0.546875 0.32421875 0.0296875 0.0296875
3 0.1671875 0.45234375 0.0328125 0.0296875
3 0.440625 0.4484375 0.0328125 0.0296875
2 0.253125 0.5421875 0.028125 0.028125