1 0.68046875 0.4796875 0.0265625 0.025
1 0.703125 0.48828125 0.0234375 0.0234375
1 0.7203125 0.45234375 0.0234375 0.0234375
1 0.75859375 0.42578125 0.025 0.025
1 0.74296875 0.46328125 0.021875 0.021875
1 0.7640625 0.471875 0.025 0.021875
1 0.74375 0.51015625 0.021875 0.0234375
3 0.70078125 0.46484375 0.025 0.0234375
3 0.74375 0.48515625 0.0234375 0.0234375
3 0.7390625 0.43984375 0.025 0.0265625
3 0.7609375 0.44921875 0.0265625 0.025
3 0.76640625 0.4953125 0.0265625 0.0234375
3 0.765625 0.52109375 0.0265625 0.0234375
3 0.72265625 0.49921875 0.0234375 0.0234375
0 0.72265625 0.47734375 0.0234375 0.0234375
2 0.14609375 0.596875 0.0265625 0.025