2 0.43359375 0.4796875 0.028125 0.028125
0 0.7234375 0.54921875 0.0265625 0.025
1 0.8953125 0.47265625 0.0265625 0.028125
1 0.878125 0.45078125 0.028125 0.028125
1 0.86640625 0.49453125 0.028125 0.0265625
1 0.88125 0.41796875 0.0265625 0.0265625
1 0.65078125 0.68671875 0.028125 0.0265625
1 0.57734375 0.33359375 0.0296875 0.028125
3 0.759375 0.41015625 0.028125 0.0296875
3 0.7046875 0.7078125 0.028125 0.0296875
3 0.71171875 0.40390625 0.0265625 0.0265625
3 0.2875 0.62421875 0.0296875 0.028125
3 0.684375 0.63515625 0.028125 0.0265625
3 0.81953125 0.69765625 0.0296875 0.028125
3 0.221875 0.42734375 0.0296875 0.028125