3 0.784375 0.496875 0.015625 0.0171875
3 0.771875 0.4859375 0.0171875 0.0171875
3 0.696875 0.5421875 0.0171875 0.015625
3 0.5265625 0.334375 0.0140625 0.015625
3 0.51875 0.5375 0.0171875 0.015625
1 0.6734375 0.3921875 0.0171875 0.0171875
1 0.775 0.625 0.01875 0.0203125
1 0.7921875 0.5078125 0.0171875 0.0171875
1 0.4953125 0.2703125 0.0140625 0.0140625
1 0.571875 0.30625 0.0125 0.015625
3 0.7890625 0.55625 0.0171875 0.015625
0 0.61875 0.5078125 0.0171875 0.0171875
2 0.6640625 0.7046875 0.01875 0.0203125