2 0.6171875 0.4828125 0.0296875 0.0296875
0 0.678125 0.55546875 0.028125 0.028125
3 0.478125 0.44609375 0.0328125 0.0328125
3 0.1328125 0.52421875 0.034375 0.0328125
3 0.4640625 0.49609375 0.034375 0.0328125
3 0.76015625 0.375 0.0328125 0.0328125
3 0.778125 0.47578125 0.0328125 0.0328125
1 0.90234375 0.41015625 0.0328125 0.0328125
1 0.38203125 0.59921875 0.028125 0.028125
1 0.50625 0.68671875 0.028125 0.0296875
1 0.77890625 0.7640625 0.0328125 0.0328125
1 0.725 0.59296875 0.0296875 0.028125
1 0.690625 0.50859375 0.028125 0.0265625
1 0.80625 0.421875 0.0296875 0.0296875