2 0.2875 0.5296875 0.034375 0.034375
3 0.63203125 0.42890625 0.028125 0.0296875
3 0.815625 0.40390625 0.0265625 0.0265625
3 0.7078125 0.3703125 0.021875 0.0234375
3 0.7671875 0.34765625 0.0234375 0.021875
3 0.6546875 0.296875 0.01875 0.0203125
3 0.5875 0.3 0.0203125 0.021875
1 0.48203125 0.3140625 0.0203125 0.021875
1 0.60390625 0.3125 0.021875 0.021875
1 0.64453125 0.30078125 0.01875 0.0203125
1 0.5640625 0.37265625 0.0265625 0.0265625
1 0.73125 0.33828125 0.021875 0.021875
1 0.559375 0.3484375 0.021875 0.0234375
0 0.678125 0.36171875 0.021875 0.0234375