0 0.3140625 0.459375 0.028125 0.028125
1 0.340625 0.5109375 0.028125 0.0296875
1 0.625 0.2703125 0.0296875 0.0296875
1 0.57265625 0.60546875 0.0296875 0.0296875
3 0.21953125 0.38828125 0.03125 0.0296875
3 0.85625 0.30703125 0.0328125 0.03125
1 0.7625 0.559375 0.0296875 0.0296875
3 0.1296875 0.45859375 0.0328125 0.03125
3 0.615625 0.63203125 0.0296875 0.0296875
1 0.77109375 0.44375 0.0296875 0.0296875
1 0.4671875 0.55234375 0.03125 0.028125
3 0.58671875 0.4796875 0.0296875 0.0296875
2 0.43828125 0.33125 0.03125 0.028125
1 0.48984375 0.69921875 0.0296875 0.0296875