3 0.2171875 0.384375 0.1515625 0.146875
3 0.45625 0.325 0.1125 0.1078125
3 0.45625 0.40625 0.1265625 0.1109375
3 0.4546875 0.515625 0.1484375 0.1484375
3 0.73125 0.6703125 0.1671875 0.1625
3 0.703125 0.5390625 0.14375 0.140625
3 0.6484375 0.3546875 0.1109375 0.1046875
1 0.35 0.346875 0.1171875 0.1140625
1 0.3328125 0.45 0.146875 0.14375
1 0.5875 0.59375 0.15 0.153125
1 0.6734375 0.4375 0.1171875 0.1125
1 0.5609375 0.3796875 0.1078125 0.1125
1 0.5515625 0.3015625 0.0953125 0.0921875
1 0.6359375 0.2890625 0.0921875 0.096875
0 0.5765625 0.475 0.1328125 0.1296875