3 0.784375 0.50703125 0.015625 0.0171875
3 0.771875 0.4953125 0.0171875 0.0171875
3 0.6703125 0.5578125 0.015625 0.0171875
3 0.6953125 0.54921875 0.0171875 0.015625
3 0.51875 0.44609375 0.0171875 0.015625
3 0.5171875 0.53828125 0.0171875 0.015625
1 0.66015625 0.70546875 0.0203125 0.01875
1 0.7703125 0.634375 0.01875 0.0203125
1 0.77421875 0.5234375 0.0171875 0.0171875
1 0.76484375 0.571875 0.0171875 0.0171875
1 0.57890625 0.30859375 0.0125 0.015625
1 0.496875 0.4203125 0.015625 0.015625
1 0.5453125 0.509375 0.0171875 0.0171875
0 0.61875 0.51171875 0.0171875 0.0171875
2 0.7296875 0.453125 0.015625 0.015625