3 0.2375 0.48046875 0.15625 0.1515625
3 0.3421875 0.5109375 0.1484375 0.1515625
3 0.590625 0.58125 0.165625 0.1671875
3 0.421875 0.32109375 0.134375 0.134375
3 0.53046875 0.3453125 0.140625 0.1375
3 0.58984375 0.18125 0.1328125 0.134375
3 0.65390625 0.3734375 0.1546875 0.1515625
1 0.33125 0.39921875 0.134375 0.134375
1 0.4578125 0.5453125 0.1484375 0.153125
1 0.559375 0.4578125 0.1515625 0.1515625
1 0.6890625 0.48671875 0.1609375 0.1578125
1 0.7328125 0.62109375 0.18125 0.18125
1 0.50625 0.25 0.134375 0.13125
1 0.61953125 0.2671875 0.140625 0.1328125
0 0.440625 0.43046875 0.1421875 0.1390625