2 0.27890625 0.41171875 0.028125 0.028125
3 0.63203125 0.42890625 0.028125 0.0296875
3 0.8078125 0.41328125 0.0265625 0.0265625
3 0.74375 0.3921875 0.025 0.025
3 0.76171875 0.35 0.021875 0.021875
3 0.66640625 0.37734375 0.025 0.025
3 0.5875 0.3 0.0203125 0.021875
1 0.5875 0.30625 0.0203125 0.0203125
1 0.6734375 0.31640625 0.021875 0.021875
1 0.6109375 0.3171875 0.0203125 0.021875
1 0.77734375 0.34453125 0.0203125 0.021875
1 0.559375 0.3484375 0.021875 0.0234375
0 0.5765625 0.37890625 0.0265625 0.0265625