1 0.6796875 0.4734375 0.028125 0.0265625
1 0.70234375 0.48125 0.025 0.025
1 0.71796875 0.44453125 0.025 0.025
1 0.75546875 0.41640625 0.0265625 0.0265625
1 0.74140625 0.4546875 0.021875 0.021875
1 0.76328125 0.46328125 0.025 0.0234375
1 0.74453125 0.5015625 0.0234375 0.0234375
3 0.69921875 0.4578125 0.0265625 0.025
3 0.74296875 0.4765625 0.025 0.025
3 0.7375 0.43125 0.0265625 0.028125
3 0.75859375 0.43984375 0.028125 0.0265625
3 0.765625 0.4859375 0.028125 0.025
3 0.765625 0.51171875 0.028125 0.025
3 0.72265625 0.49140625 0.025 0.025
0 0.72109375 0.46953125 0.025 0.025
2 0.246875 0.5515625 0.028125 0.0265625