0 0.8046875 0.49609375 0.0296875 0.0296875
1 0.1234375 0.5375 0.0296875 0.028125
1 0.4671875 0.32890625 0.03125 0.03125
1 0.8140625 0.4515625 0.03125 0.0296875
1 0.7984375 0.30859375 0.03125 0.03125
3 0.834375 0.49296875 0.0328125 0.03125
3 0.77265625 0.29296875 0.03125 0.03125
1 0.7734375 0.57421875 0.03125 0.03125
1 0.16328125 0.52890625 0.0328125 0.03125
3 0.69375 0.2703125 0.034375 0.03125
3 0.440625 0.321875 0.03125 0.03125
3 0.93203125 0.58671875 0.03125 0.03125
3 0.178125 0.59765625 0.034375 0.03125
3 0.4234375 0.4625 0.034375 0.03125
2 0.72890625 0.484375 0.0296875 0.0296875
1 0.26875 0.56015625 0.034375 0.03125