1 0.17578125 0.39140625 0.0296875 0.025
1 0.4640625 0.52578125 0.028125 0.028125
1 0.16875 0.66953125 0.0296875 0.025
1 0.746875 0.503125 0.0265625 0.0265625
1 0.83984375 0.496875 0.0265625 0.0234375
1 0.85234375 0.47578125 0.028125 0.025
1 0.5921875 0.3921875 0.025 0.0265625
3 0.86953125 0.38515625 0.0265625 0.028125
3 0.8125 0.4171875 0.0265625 0.028125
3 0.70234375 0.4984375 0.0265625 0.0265625
3 0.85859375 0.6390625 0.028125 0.0265625
3 0.66875 0.68125 0.028125 0.0265625
3 0.55 0.68046875 0.025 0.0265625
3 0.4546875 0.67265625 0.0265625 0.0265625
0 0.71015625 0.52421875 0.0234375 0.0265625
2 0.7515625 0.3484375 0.025 0.0265625