1 0.16015625 0.4609375 0.03125 0.0265625
1 0.62265625 0.675 0.028125 0.028125
1 0.48984375 0.5375 0.0265625 0.0265625
1 0.83203125 0.4265625 0.028125 0.025
1 0.83984375 0.403125 0.0296875 0.0265625
3 0.8375 0.31015625 0.028125 0.0296875
3 0.7890625 0.35703125 0.028125 0.0296875
3 0.76015625 0.63203125 0.028125 0.028125
3 0.61015625 0.57578125 0.0296875 0.028125
3 0.49765625 0.6265625 0.0265625 0.028125
3 0.4921875 0.678125 0.028125 0.028125
0 0.5390625 0.39375 0.025 0.028125
2 0.41015625 0.44609375 0.0265625 0.0265625