2 0.4484375 0.66875 0.025 0.025
3 0.2578125 0.55 0.0234375 0.021875
3 0.1296875 0.5390625 0.025 0.021875
3 0.4359375 0.621875 0.0234375 0.025
3 0.5 0.490625 0.01875 0.0203125
3 0.3671875 0.6734375 0.0265625 0.0265625
1 0.2703125 0.434375 0.01875 0.01875
1 0.2109375 0.51875 0.0234375 0.021875
1 0.2296875 0.5875 0.0234375 0.0234375
1 0.29375 0.6609375 0.0265625 0.025
1 0.2921875 0.5296875 0.021875 0.0234375
1 0.5359375 0.6671875 0.028125 0.0265625
1 0.696875 0.534375 0.0234375 0.0203125
0 0.33125 0.54375 0.021875 0.021875
3 0.45625 0.5234375 0.021875 0.021875
3 0.2765625 0.503125 0.021875 0.0203125