3 0.81640625 0.6671875 0.028125 0.028125
3 0.15859375 0.46484375 0.0265625 0.025
3 0.428125 0.69375 0.03125 0.0328125
3 0.80625 0.68125 0.03125 0.0296875
3 0.7296875 0.565625 0.025 0.025
3 0.66796875 0.67109375 0.03125 0.0296875
3 0.70703125 0.64921875 0.0296875 0.0296875
1 0.3734375 0.66796875 0.03125 0.03125
1 0.425 0.5109375 0.0234375 0.025
1 0.328125 0.6203125 0.03125 0.0296875
1 0.75078125 0.6328125 0.0265625 0.0265625
1 0.81875 0.61640625 0.028125 0.028125
0 0.47734375 0.55625 0.025 0.0265625
2 0.1890625 0.50859375 0.0265625 0.025
1 0.71484375 0.6046875 0.0265625 0.0265625