1 0.834375 0.5578125 0.0234375 0.0234375
1 0.7390625 0.5828125 0.0234375 0.0234375
1 0.4765625 0.609375 0.021875 0.0234375
1 0.428125 0.521875 0.0203125 0.0203125
1 0.35 0.646875 0.025 0.025
1 0.4453125 0.684375 0.025 0.0265625
3 0.1578125 0.525 0.0234375 0.021875
3 0.0515625 0.6828125 0.028125 0.0265625
3 0.340625 0.53125 0.021875 0.021875
3 0.5921875 0.565625 0.025 0.025
3 0.653125 0.5328125 0.025 0.025
3 0.6984375 0.6421875 0.0265625 0.0265625
3 0.840625 0.6078125 0.025 0.025
0 0.4875 0.559375 0.021875 0.0234375
2 0.16875 0.5609375 0.0234375 0.0234375