3 0.70703125 0.6515625 0.0265625 0.028125
3 0.15625 0.54140625 0.025 0.0234375
3 0.1109375 0.5734375 0.0265625 0.025
3 0.3203125 0.5296875 0.0234375 0.0234375
3 0.5578125 0.584375 0.025 0.025
3 0.45859375 0.55234375 0.0234375 0.0234375
3 0.6296875 0.6140625 0.025 0.0265625
1 0.73984375 0.471875 0.0234375 0.0234375
1 0.415625 0.684375 0.0296875 0.028125
1 0.65703125 0.696875 0.028125 0.0265625
1 0.63671875 0.66796875 0.028125 0.028125
1 0.803125 0.5203125 0.025 0.0265625
0 0.35 0.45 0.021875 0.0203125
2 0.96171875 0.68203125 0.0296875 0.028125
1 0.38515625 0.5796875 0.025 0.0234375