1 0.553125 0.5453125 0.0265625 0.0265625
1 0.6015625 0.525 0.0265625 0.025
3 0.4296875 0.3609375 0.01875 0.01875
2 0.440625 0.45625 0.021875 0.021875
3 0.575 0.525 0.025 0.025
3 0.5796875 0.54375 0.025 0.025
3 0.5671875 0.559375 0.0265625 0.028125
3 0.6 0.5578125 0.0265625 0.028125
3 0.628125 0.5546875 0.0265625 0.0265625
3 0.646875 0.5453125 0.0265625 0.0265625
1 0.60625 0.540625 0.025 0.0234375
0 0.6265625 0.53125 0.025 0.0234375
1 0.38125 0.3390625 0.0171875 0.01875
1 0.409375 0.3 0.015625 0.015625