1 0.53125 0.3765625 0.01875 0.0203125
1 0.4125 0.453125 0.021875 0.021875
3 0.36875 0.3328125 0.0171875 0.01875
2 0.353125 0.3421875 0.015625 0.0171875
3 0.625 0.3953125 0.0203125 0.021875
3 0.3515625 0.3640625 0.01875 0.0203125
3 0.3921875 0.3390625 0.0171875 0.01875
3 0.6109375 0.5609375 0.028125 0.0296875
3 0.440625 0.4578125 0.021875 0.0234375
3 0.6 0.33125 0.0171875 0.01875
1 0.5234375 0.4171875 0.0203125 0.021875
0 0.678125 0.4203125 0.0203125 0.021875
1 0.4140625 0.3375 0.0171875 0.0171875
1 0.3828125 0.3171875 0.0171875 0.0171875