1 0.5515625 0.546875 0.028125 0.028125
1 0.60078125 0.52890625 0.028125 0.0265625
3 0.434375 0.35859375 0.01875 0.01875
2 0.4421875 0.45390625 0.021875 0.021875
3 0.57421875 0.52734375 0.0265625 0.0265625
3 0.578125 0.546875 0.0265625 0.0265625
3 0.56484375 0.56171875 0.028125 0.0296875
3 0.59765625 0.5609375 0.028125 0.0296875
3 0.62578125 0.559375 0.028125 0.028125
3 0.6453125 0.55078125 0.028125 0.028125
1 0.6046875 0.54453125 0.0265625 0.025
0 0.62578125 0.5359375 0.0265625 0.025
1 0.38671875 0.33515625 0.0171875 0.01875
1 0.41640625 0.296875 0.015625 0.015625