1 0.2296875 0.5875 0.0234375 0.0234375
1 0.2921875 0.434375 0.0203125 0.0171875
1 0.2109375 0.51875 0.021875 0.021875
1 0.2921875 0.528125 0.021875 0.021875
1 0.7265625 0.646875 0.0265625 0.025
1 0.5734375 0.665625 0.0265625 0.0265625
3 0.2765625 0.5015625 0.021875 0.021875
3 0.121875 0.5421875 0.0234375 0.021875
3 0.2125 0.6234375 0.025 0.025
3 0.5171875 0.5046875 0.0203125 0.021875
3 0.45625 0.5234375 0.0203125 0.021875
2 0.153125 0.5390625 0.021875 0.021875
0 0.33125 0.54375 0.021875 0.021875
3 0.2578125 0.55 0.021875 0.021875
1 0.3734375 0.6421875 0.0234375 0.0234375