1 0.55390625 0.38515625 0.021875 0.0234375
1 0.4234375 0.4375 0.025 0.025
3 0.403125 0.3109375 0.0203125 0.021875
2 0.3859375 0.3171875 0.01875 0.0203125
3 0.64296875 0.42109375 0.0234375 0.025
3 0.38046875 0.33828125 0.021875 0.0234375
3 0.425 0.32109375 0.0203125 0.021875
3 0.59765625 0.58125 0.0328125 0.034375
3 0.45 0.446875 0.0265625 0.0265625
3 0.63046875 0.353125 0.0203125 0.021875
1 0.5390625 0.4234375 0.0234375 0.025
0 0.68984375 0.45546875 0.0234375 0.025
1 0.446875 0.32421875 0.0203125 0.0203125
1 0.41953125 0.2984375 0.0203125 0.0203125