1 0.525 0.5515625 0.0265625 0.028125
2 0.440625 0.45625 0.0203125 0.021875
3 0.7375 0.56875 0.0296875 0.0296875
1 0.409375 0.3 0.015625 0.0171875
1 0.309375 0.5484375 0.028125 0.0265625
1 0.38125 0.3390625 0.0171875 0.0171875
1 0.6328125 0.515625 0.0265625 0.0265625
3 0.4296875 0.359375 0.01875 0.01875
3 0.64375 0.49375 0.025 0.025
3 0.35625 0.5515625 0.028125 0.028125
0 0.4421875 0.4875 0.0234375 0.0234375
3 0.5546875 0.5640625 0.0265625 0.028125
3 0.653125 0.565625 0.028125 0.028125
3 0.4328125 0.6546875 0.0328125 0.0328125