2 0.459375 0.69453125 0.028125 0.028125
3 0.26875 0.5875 0.0265625 0.025
3 0.140625 0.596875 0.028125 0.025
3 0.51953125 0.6140625 0.0265625 0.028125
3 0.5171875 0.50078125 0.0234375 0.0234375
3 0.18359375 0.6890625 0.03125 0.0296875
1 0.284375 0.46796875 0.021875 0.021875
1 0.2171875 0.5640625 0.0265625 0.025
1 0.246875 0.62890625 0.0265625 0.0265625
1 0.396875 0.66015625 0.0265625 0.028125
1 0.29921875 0.56171875 0.025 0.0265625
1 0.5984375 0.65234375 0.028125 0.0296875
1 0.746875 0.609375 0.0296875 0.0296875
0 0.33984375 0.56953125 0.025 0.025
3 0.46015625 0.5296875 0.025 0.025
3 0.2796875 0.53828125 0.025 0.0234375