3 0.46953125 0.43359375 0.0203125 0.01875
3 0.1546875 0.62578125 0.0265625 0.0265625
3 0.12890625 0.684375 0.0296875 0.0234375
3 0.36328125 0.61875 0.025 0.025
3 0.3859375 0.68515625 0.0265625 0.0265625
3 0.440625 0.68359375 0.025 0.0265625
3 0.51640625 0.70546875 0.028125 0.028125
1 0.51875 0.66953125 0.0265625 0.0296875
1 0.4484375 0.5984375 0.0265625 0.025
1 0.4953125 0.4921875 0.0203125 0.0203125
1 0.5390625 0.5 0.01875 0.0203125
1 0.6 0.55625 0.021875 0.01875
1 0.79921875 0.53046875 0.021875 0.021875
0 0.51796875 0.60703125 0.0234375 0.025
2 0.72109375 0.615625 0.025 0.025
1 0.05390625 0.6484375 0.03125 0.03125