3 0.840625 0.609375 0.025 0.0234375
3 0.1578125 0.525 0.0234375 0.021875
3 0.4625 0.703125 0.0265625 0.028125
3 0.8328125 0.625 0.0265625 0.025
3 0.7375 0.525 0.021875 0.021875
3 0.6953125 0.6390625 0.0265625 0.025
3 0.7296875 0.6109375 0.025 0.025
1 0.4046875 0.6875 0.0265625 0.0265625
1 0.428125 0.5234375 0.0203125 0.021875
1 0.3515625 0.6484375 0.0265625 0.025
1 0.7703125 0.5875 0.0234375 0.0234375
1 0.834375 0.559375 0.025 0.0234375
0 0.4875 0.559375 0.021875 0.0234375
2 0.1953125 0.5625 0.0234375 0.021875
1 0.7296875 0.565625 0.0234375 0.0234375