1 0.47421875 0.4546875 0.0234375 0.0234375
1 0.828125 0.62265625 0.0359375 0.0328125
1 0.59609375 0.54375 0.028125 0.028125
3 0.28359375 0.55546875 0.0265625 0.0265625
3 0.25078125 0.6890625 0.0296875 0.0296875
3 0.8546875 0.5453125 0.0296875 0.028125
3 0.72421875 0.5921875 0.0328125 0.0328125
2 0.3390625 0.675 0.028125 0.028125
0 0.4421875 0.52734375 0.0265625 0.025
3 0.75546875 0.3734375 0.025 0.025
1 0.878125 0.51875 0.0328125 0.03125
1 0.471875 0.5421875 0.025 0.025
1 0.28359375 0.484375 0.021875 0.021875
1 0.22421875 0.58828125 0.0265625 0.0265625
3 0.17421875 0.60703125 0.0265625 0.0265625