3 0.253125 0.5359375 0.0296875 0.028125
3 0.609375 0.38203125 0.0265625 0.0265625
3 0.659375 0.46640625 0.0296875 0.03125
3 0.5046875 0.58203125 0.034375 0.034375
3 0.38359375 0.48984375 0.028125 0.028125
3 0.36640625 0.46171875 0.0265625 0.028125
3 0.2609375 0.51484375 0.028125 0.028125
1 0.28359375 0.478125 0.0265625 0.0265625
1 0.359375 0.6125 0.0359375 0.034375
1 0.3734375 0.55 0.03125 0.03125
1 0.55 0.521875 0.0328125 0.0328125
1 0.55078125 0.44140625 0.0265625 0.028125
2 0.43125 0.36171875 0.01875 0.021875
0 0.47890625 0.47734375 0.028125 0.028125
1 0.5765625 0.42265625 0.0265625 0.028125
1 0.39609375 0.46171875 0.0265625 0.0265625