2 0.7109375 0.5015625 0.025 0.025
3 0.25234375 0.62734375 0.028125 0.028125
3 0.25625 0.59296875 0.025 0.0234375
3 0.275 0.59765625 0.025 0.0234375
3 0.2953125 0.60234375 0.0265625 0.028125
3 0.3328125 0.57890625 0.0265625 0.0265625
3 0.3140625 0.57265625 0.025 0.0234375
3 0.27890625 0.56484375 0.025 0.0234375
1 0.26171875 0.56015625 0.025 0.0203125
1 0.259375 0.5765625 0.0234375 0.0203125
1 0.27578125 0.58125 0.0234375 0.0203125
1 0.29765625 0.56875 0.0234375 0.0203125
1 0.31484375 0.590625 0.0265625 0.0265625
1 0.2546875 0.609375 0.025 0.0234375
1 0.2734375 0.61484375 0.0265625 0.0265625
0 0.29453125 0.58515625 0.0265625 0.025