1 0.7015625 0.61328125 0.03125 0.034375
1 0.69609375 0.4296875 0.021875 0.0234375
1 0.4140625 0.4078125 0.0234375 0.0234375
1 0.53046875 0.3828125 0.0234375 0.0234375
1 0.53515625 0.3421875 0.0171875 0.01875
1 0.6171875 0.35078125 0.0171875 0.0171875
3 0.49296875 0.28828125 0.0171875 0.01875
3 0.646875 0.459375 0.0265625 0.0265625
3 0.66171875 0.35 0.0171875 0.0203125
3 0.58515625 0.3546875 0.0203125 0.0203125
3 0.61953125 0.61875 0.0328125 0.034375
2 0.38828125 0.396875 0.0203125 0.021875
0 0.45 0.303125 0.0171875 0.01875