1 0.38125 0.3390625 0.0171875 0.0171875
2 0.440625 0.45625 0.021875 0.021875
1 0.409375 0.3 0.015625 0.0171875
1 0.309375 0.5484375 0.028125 0.028125
0 0.4421875 0.4875 0.0234375 0.0234375
3 0.4296875 0.359375 0.01875 0.01875
3 0.3609375 0.528125 0.0265625 0.0265625
3 0.60625 0.5453125 0.0265625 0.025
3 0.634375 0.5484375 0.0265625 0.0265625
3 0.6625 0.56875 0.028125 0.028125
3 0.6359375 0.5796875 0.028125 0.028125
3 0.6 0.5734375 0.028125 0.028125
1 0.584375 0.5578125 0.0265625 0.0265625
1 0.6203125 0.5625 0.0296875 0.0296875