1 0.48359375 0.45078125 0.0203125 0.0203125
1 0.79921875 0.6828125 0.03125 0.028125
1 0.5859375 0.5609375 0.025 0.025
3 0.2765625 0.51328125 0.0234375 0.0234375
3 0.21953125 0.63828125 0.0265625 0.0265625
3 0.8390625 0.61171875 0.0265625 0.025
3 0.70234375 0.63359375 0.028125 0.028125
2 0.30859375 0.64140625 0.025 0.025
0 0.43828125 0.515625 0.0234375 0.021875
3 0.77421875 0.42421875 0.021875 0.021875
1 0.86796875 0.590625 0.0296875 0.0265625
1 0.4640625 0.5359375 0.021875 0.021875
1 0.290625 0.44375 0.0203125 0.01875
1 0.2125 0.53359375 0.0234375 0.0234375
3 0.159375 0.54296875 0.0234375 0.0234375