1 0.6625 0.375 0.0203125 0.021875
2 0.73046875 0.65390625 0.034375 0.034375
3 0.62890625 0.33359375 0.01875 0.01875
1 0.54140625 0.41640625 0.0234375 0.0234375
1 0.78984375 0.70859375 0.0390625 0.0359375
1 0.61328125 0.584375 0.0328125 0.0328125
1 0.68984375 0.44140625 0.0234375 0.0234375
3 0.4125 0.30078125 0.01875 0.01875
3 0.68828125 0.42890625 0.0234375 0.0234375
3 0.48125 0.328125 0.0203125 0.0203125
0 0.66015625 0.42890625 0.0234375 0.025
3 0.5328125 0.3625 0.0203125 0.021875
3 0.478125 0.46640625 0.0265625 0.0265625