3 0.2515625 0.4796875 0.025 0.0234375
3 0.6328125 0.409375 0.021875 0.021875
3 0.6625 0.503125 0.025 0.0265625
3 0.4859375 0.58125 0.028125 0.028125
3 0.3890625 0.4640625 0.0234375 0.0234375
3 0.378125 0.4328125 0.021875 0.0234375
3 0.2640625 0.4609375 0.0234375 0.0234375
1 0.29375 0.4296875 0.021875 0.021875
1 0.3375 0.578125 0.0296875 0.028125
1 0.365625 0.5203125 0.0265625 0.0265625
1 0.54375 0.5328125 0.0265625 0.028125
1 0.5625 0.4546875 0.021875 0.0234375
2 0.4640625 0.35 0.015625 0.01875
0 0.484375 0.4734375 0.0234375 0.0234375
1 0.5921875 0.4421875 0.021875 0.0234375
1 0.4078125 0.4390625 0.021875 0.021875