1 0.525 0.375 0.0203125 0.021875
1 0.41015625 0.4578125 0.0234375 0.0234375
3 0.36015625 0.33984375 0.01875 0.0203125
2 0.3453125 0.35 0.0171875 0.01875
3 0.61953125 0.3890625 0.021875 0.0234375
3 0.34453125 0.371875 0.0203125 0.021875
3 0.38359375 0.3453125 0.01875 0.0203125
3 0.6140625 0.5546875 0.0296875 0.03125
3 0.43828125 0.4609375 0.0234375 0.025
3 0.59140625 0.3265625 0.01875 0.0203125
1 0.51875 0.41640625 0.021875 0.0234375
0 0.6734375 0.4109375 0.021875 0.0234375
1 0.40546875 0.3421875 0.01875 0.01875
1 0.3734375 0.3234375 0.01875 0.01875