1 0.65078125 0.51015625 0.028125 0.0296875
2 0.48203125 0.3625 0.0203125 0.021875
1 0.5921875 0.3125 0.01875 0.0203125
0 0.53203125 0.43125 0.0265625 0.0265625
3 0.44765625 0.32578125 0.0203125 0.0203125
3 0.4328125 0.29609375 0.0203125 0.0203125
3 0.48046875 0.46796875 0.0296875 0.028125
3 0.65703125 0.34609375 0.0203125 0.0203125
1 0.58984375 0.5765625 0.03125 0.03125
3 0.4453125 0.30625 0.0203125 0.0203125
3 0.4578125 0.3484375 0.021875 0.021875
1 0.6171875 0.34140625 0.01875 0.0203125
3 0.52265625 0.54921875 0.03125 0.03125
1 0.390625 0.465625 0.028125 0.0296875
1 0.51953125 0.34921875 0.0203125 0.0234375