1 0.53359375 0.54609375 0.03125 0.0328125
2 0.43359375 0.4671875 0.0234375 0.025
3 0.74609375 0.5265625 0.034375 0.034375
1 0.37578125 0.31875 0.01875 0.0203125
1 0.3203125 0.58046875 0.0328125 0.03125
1 0.35546875 0.3625 0.0203125 0.0203125
1 0.63359375 0.4921875 0.03125 0.03125
3 0.40625 0.3734375 0.021875 0.021875
3 0.640625 0.46875 0.0296875 0.0296875
3 0.3671875 0.57578125 0.0328125 0.0328125
0 0.440625 0.49765625 0.0265625 0.0265625
3 0.56484375 0.55390625 0.03125 0.0328125
3 0.6625 0.53828125 0.0328125 0.0328125
3 0.4609375 0.6640625 0.0375 0.0375