2 0.5328125 0.5 0.0203125 0.0203125
3 0.109375 0.5515625 0.025 0.021875
3 0.1546875 0.521875 0.0234375 0.021875
3 0.5359375 0.5859375 0.0234375 0.021875
3 0.6984375 0.6625 0.028125 0.0265625
3 0.3859375 0.6484375 0.0265625 0.025
1 0.6859375 0.490625 0.0203125 0.01875
1 0.41875 0.51875 0.0203125 0.0203125
1 0.646875 0.7046875 0.0265625 0.0265625
1 0.40625 0.6796875 0.025 0.0265625
1 0.628125 0.675 0.0265625 0.0265625
0 0.3515625 0.4421875 0.01875 0.01875
3 0.49375 0.5390625 0.021875 0.021875
3 0.190625 0.5359375 0.0234375 0.021875