2 0.34375 0.57109375 0.0265625 0.025
3 0.1703125 0.63828125 0.0328125 0.0296875
3 0.1703125 0.6046875 0.028125 0.0265625
3 0.8046875 0.63203125 0.034375 0.0328125
3 0.73203125 0.62265625 0.034375 0.0328125
3 0.5140625 0.70546875 0.0328125 0.034375
1 0.18828125 0.61328125 0.0296875 0.0265625
1 0.20859375 0.5515625 0.0265625 0.025
1 0.371875 0.7171875 0.0328125 0.0328125
1 0.453125 0.7046875 0.03125 0.03125
1 0.36953125 0.6859375 0.0296875 0.0296875
1 0.8703125 0.615625 0.034375 0.0328125
0 0.36796875 0.59609375 0.028125 0.0265625
3 0.484375 0.5390625 0.0265625 0.0265625
3 0.33359375 0.471875 0.025 0.0234375