3 0.45703125 0.440625 0.0234375 0.021875
3 0.18515625 0.6890625 0.028125 0.028125
3 0.17109375 0.7515625 0.0328125 0.0265625
3 0.38828125 0.64296875 0.0265625 0.0265625
3 0.4234375 0.70390625 0.028125 0.028125
3 0.4765625 0.6921875 0.0265625 0.028125
3 0.55546875 0.6984375 0.0296875 0.0296875
1 0.55078125 0.6625 0.0296875 0.03125
1 0.46796875 0.60625 0.028125 0.0265625
1 0.49453125 0.49296875 0.0234375 0.0234375
1 0.53828125 0.4921875 0.021875 0.0234375
1 0.60859375 0.53671875 0.025 0.021875
1 0.79921875 0.4734375 0.025 0.025
0 0.53828125 0.6015625 0.025 0.028125
2 0.7390625 0.57109375 0.0265625 0.0265625
1 0.090625 0.73125 0.034375 0.034375