1 0.6484375 0.359375 0.01875 0.0203125
2 0.7453125 0.62890625 0.03125 0.03125
3 0.6109375 0.32109375 0.0171875 0.01875
1 0.5328125 0.4125 0.021875 0.021875
1 0.81015625 0.67734375 0.0359375 0.0328125
1 0.62109375 0.571875 0.0296875 0.0296875
1 0.6828125 0.421875 0.021875 0.021875
3 0.3921875 0.3109375 0.0171875 0.01875
3 0.6796875 0.409375 0.021875 0.021875
3 0.46328125 0.33046875 0.01875 0.01875
0 0.6515625 0.4125 0.021875 0.0234375
3 0.51796875 0.36015625 0.01875 0.0203125
3 0.475 0.46875 0.025 0.025