3 0.7640625 0.7015625 0.028125 0.0265625
3 0.1578125 0.525 0.0234375 0.021875
3 0.4625 0.703125 0.0265625 0.028125
3 0.7140625 0.5703125 0.0234375 0.0234375
3 0.7375 0.525 0.021875 0.021875
3 0.6953125 0.6390625 0.0265625 0.025
3 0.6578125 0.6015625 0.0234375 0.0234375
1 0.4046875 0.6875 0.0265625 0.0265625
1 0.2296875 0.5359375 0.0234375 0.021875
1 0.3328125 0.64375 0.025 0.025
1 0.83125 0.7015625 0.028125 0.0265625
1 0.875 0.5578125 0.025 0.0234375
0 0.4875 0.559375 0.021875 0.0234375
2 0.83125 0.6421875 0.0265625 0.0234375
1 0.3234375 0.6984375 0.028125 0.025