1 0.7140625 0.5875 0.028125 0.03125
1 0.6859375 0.40625 0.01875 0.021875
1 0.403125 0.41875 0.0203125 0.021875
1 0.515625 0.3796875 0.0203125 0.021875
1 0.515625 0.3390625 0.015625 0.0171875
1 0.5984375 0.3375 0.015625 0.015625
3 0.4671875 0.290625 0.015625 0.0171875
3 0.640625 0.4421875 0.0234375 0.0234375
3 0.6421875 0.33125 0.015625 0.01875
3 0.5671875 0.3453125 0.01875 0.01875
3 0.6328125 0.603125 0.0296875 0.03125
2 0.3765625 0.4109375 0.01875 0.0203125
0 0.4265625 0.3109375 0.015625 0.0171875