2 0.5328125 0.5015625 0.021875 0.021875
3 0.10703125 0.53125 0.0265625 0.0234375
3 0.15390625 0.50390625 0.025 0.0234375
3 0.53125 0.5875 0.025 0.0234375
3 0.68984375 0.67265625 0.0296875 0.028125
3 0.378125 0.6421875 0.028125 0.0265625
1 0.6859375 0.5 0.021875 0.0203125
1 0.41796875 0.51484375 0.021875 0.021875
1 0.6359375 0.71171875 0.028125 0.028125
1 0.396875 0.67421875 0.0265625 0.028125
1 0.61875 0.68125 0.028125 0.028125
0 0.3546875 0.434375 0.0203125 0.0203125
3 0.49140625 0.5390625 0.0234375 0.0234375
3 0.1890625 0.51953125 0.025 0.0234375