2 0.1421875 0.496875 0.021875 0.021875
3 0.2125 0.6234375 0.025 0.025
3 0.1578125 0.525 0.021875 0.021875
3 0.6984375 0.6421875 0.025 0.025
3 0.8328125 0.6296875 0.028125 0.025
3 0.3046875 0.5515625 0.0234375 0.0234375
1 0.4703125 0.44375 0.0171875 0.01875
1 0.1734375 0.5609375 0.0234375 0.021875
1 0.8625 0.609375 0.0265625 0.025
1 0.4859375 0.45 0.01875 0.0171875
1 0.4625 0.534375 0.021875 0.021875
1 0.7890625 0.6984375 0.028125 0.0265625
1 0.6828125 0.4875 0.0203125 0.01875
0 0.43125 0.5125 0.0203125 0.0203125