0 0.453125 0.58125 0.0390625 0.0390625
3 0.321875 0.3625 0.0265625 0.028125
3 0.56484375 0.33515625 0.0265625 0.028125
3 0.70859375 0.39140625 0.028125 0.03125
3 0.4609375 0.465625 0.03125 0.0328125
3 0.503125 0.49375 0.034375 0.034375
3 0.3984375 0.63828125 0.040625 0.0453125
1 0.4203125 0.496875 0.0328125 0.034375
1 0.44375 0.4484375 0.0328125 0.0328125
1 0.37890625 0.34296875 0.0234375 0.0265625
1 0.52421875 0.29140625 0.01875 0.021875
1 0.55390625 0.425 0.0296875 0.03125
1 0.6 0.49375 0.0328125 0.034375