0 0.47109375 0.5890625 0.0453125 0.0453125
3 0.296875 0.40234375 0.03125 0.03125
3 0.52890625 0.325 0.03125 0.03125
3 0.68125 0.35 0.0328125 0.0359375
3 0.4546875 0.47421875 0.0359375 0.0375
3 0.5015625 0.49296875 0.0390625 0.0390625
3 0.4296875 0.65625 0.0484375 0.0515625
1 0.42109375 0.51328125 0.0375 0.0390625
1 0.434375 0.46171875 0.0375 0.0375
1 0.34921875 0.371875 0.028125 0.03125
1 0.4796875 0.290625 0.0234375 0.025
1 0.53671875 0.41484375 0.034375 0.0359375
1 0.59609375 0.47265625 0.0375 0.0390625