1 0.65 0.48125 0.0234375 0.025
2 0.45625 0.36875 0.0171875 0.01875
1 0.5546875 0.2984375 0.015625 0.0171875
0 0.51875 0.4265625 0.021875 0.0234375
3 0.415625 0.3390625 0.0171875 0.0171875
3 0.3953125 0.3125 0.0171875 0.0171875
3 0.475 0.471875 0.025 0.0234375
3 0.625 0.31875 0.0171875 0.0171875
1 0.603125 0.5578125 0.0265625 0.0265625
3 0.409375 0.3203125 0.0171875 0.0171875
3 0.4296875 0.359375 0.01875 0.01875
1 0.584375 0.321875 0.015625 0.0171875
3 0.53125 0.54375 0.0265625 0.0265625
1 0.3859375 0.4875 0.0234375 0.025
1 0.490625 0.3484375 0.0171875 0.0203125