3 0.8203125 0.3578125 0.0203125 0.01875
3 0.6328125 0.409375 0.021875 0.021875
3 0.6625 0.503125 0.025 0.0265625
3 0.4859375 0.58125 0.028125 0.028125
3 0.8109375 0.3796875 0.021875 0.0203125
3 0.54375 0.375 0.01875 0.0203125
3 0.2625 0.446875 0.0234375 0.021875
1 0.29375 0.4296875 0.021875 0.021875
1 0.3375 0.578125 0.0296875 0.028125
1 0.46875 0.521875 0.0265625 0.025
1 0.5859375 0.5515625 0.0265625 0.0265625
1 0.6125 0.303125 0.015625 0.0171875
2 0.225 0.5109375 0.0234375 0.0234375
0 0.484375 0.4734375 0.0234375 0.0234375