3 0.67109375 0.29140625 0.021875 0.021875
3 0.6109375 0.38359375 0.0265625 0.0265625
3 0.659375 0.46953125 0.0296875 0.03125
3 0.503125 0.58203125 0.0328125 0.0328125
3 0.23671875 0.52578125 0.028125 0.028125
3 0.25390625 0.53125 0.0296875 0.028125
3 0.25703125 0.49765625 0.028125 0.0265625
1 0.28359375 0.47421875 0.0265625 0.0265625
1 0.35703125 0.61015625 0.034375 0.034375
1 0.47421875 0.528125 0.03125 0.0296875
1 0.59453125 0.5328125 0.03125 0.03125
1 0.5515625 0.44296875 0.0265625 0.0265625
1 0.578125 0.42421875 0.0265625 0.028125
2 0.2765625 0.54453125 0.028125 0.028125
0 0.47890625 0.47734375 0.028125 0.028125