1 0.96953125 0.51015625 0.0609375 0.0734375
1 0.365625 0.5734375 0.0625 0.059375
1 0.37109375 0.50234375 0.053125 0.053125
1 0.28359375 0.3671875 0.04375 0.0453125
1 0.690625 0.54609375 0.0671875 0.0671875
1 0.88515625 0.2109375 0.0515625 0.053125
1 0.82578125 0.29765625 0.05625 0.0546875
3 0.35546875 0.45625 0.05625 0.05625
3 0.43359375 0.721875 0.0734375 0.075
3 0.7875 0.384375 0.0625 0.0609375
3 0.6703125 0.21171875 0.0453125 0.046875
3 0.75078125 0.1609375 0.046875 0.046875
3 0.834375 0.17890625 0.05 0.05
2 0.3453125 0.3390625 0.04375 0.04375