3 0.7765625 0.284375 0.025 0.0234375
3 0.60703125 0.3796875 0.0265625 0.0265625
3 0.65859375 0.4640625 0.03125 0.03125
3 0.50625 0.58203125 0.034375 0.034375
3 0.77265625 0.3078125 0.0265625 0.025
3 0.5125 0.36796875 0.0234375 0.025
3 0.25703125 0.50625 0.028125 0.0265625
1 0.2828125 0.48203125 0.0265625 0.0265625
1 0.3609375 0.61484375 0.0359375 0.034375
1 0.475 0.52890625 0.03125 0.03125
1 0.59609375 0.52890625 0.0328125 0.0328125
1 0.56171875 0.28203125 0.01875 0.0203125
2 0.2359375 0.57734375 0.028125 0.028125
0 0.478125 0.478125 0.028125 0.028125