1 0.8171875 0.6203125 0.028125 0.028125
1 0.71875 0.6265625 0.028125 0.028125
1 0.59453125 0.628125 0.0265625 0.0265625
1 0.425 0.5078125 0.0234375 0.0234375
1 0.325 0.615625 0.0296875 0.0296875
1 0.4109375 0.6703125 0.0296875 0.03125
3 0.159375 0.459375 0.0265625 0.0265625
3 0.025 0.59375 0.0328125 0.03125
3 0.684375 0.5328125 0.025 0.025
3 0.578125 0.58203125 0.0296875 0.0296875
3 0.64375 0.56171875 0.0296875 0.0296875
3 0.66796875 0.67734375 0.03125 0.03125
3 0.8140625 0.67109375 0.0296875 0.0296875
0 0.4765625 0.55625 0.0265625 0.0265625