2 0.1484375 0.43515625 0.025 0.025
3 0.1953125 0.571875 0.0296875 0.0296875
3 0.15859375 0.46484375 0.025 0.025
3 0.67109375 0.67421875 0.0296875 0.0296875
3 0.80546875 0.68515625 0.0328125 0.0296875
3 0.2984375 0.5171875 0.0265625 0.0265625
1 0.48046875 0.4390625 0.0203125 0.021875
1 0.16796875 0.503125 0.0265625 0.025
1 0.83828125 0.6703125 0.03125 0.0296875
1 0.49453125 0.4484375 0.021875 0.0203125
1 0.45703125 0.52734375 0.025 0.025
1 0.75 0.7453125 0.0328125 0.03125
1 0.68203125 0.51953125 0.0234375 0.021875
0 0.43046875 0.5 0.0234375 0.0234375