1 0.55703125 0.540625 0.028125 0.028125
1 0.603125 0.51640625 0.028125 0.0265625
3 0.41796875 0.36796875 0.0203125 0.0203125
2 0.43671875 0.46171875 0.0234375 0.0234375
3 0.5765625 0.51875 0.0265625 0.0265625
3 0.5828125 0.53671875 0.0265625 0.0265625
3 0.571875 0.553125 0.0296875 0.0296875
3 0.6046875 0.54921875 0.0296875 0.0296875
3 0.63203125 0.54296875 0.028125 0.028125
3 0.65 0.53203125 0.028125 0.028125
1 0.609375 0.53125 0.0265625 0.025
0 0.62890625 0.5203125 0.0265625 0.025
1 0.36796875 0.35 0.01875 0.0203125
1 0.3921875 0.30859375 0.0171875 0.0171875