3 0.3671875 0.6234375 0.025 0.0234375
3 0.159375 0.6375 0.0234375 0.025
3 0.1359375 0.696875 0.028125 0.0234375
3 0.4703125 0.4359375 0.01875 0.01875
3 0.4078125 0.5953125 0.0234375 0.0234375
3 0.375 0.69375 0.025 0.0265625
3 0.584375 0.659375 0.025 0.0265625
1 0.6015625 0.553125 0.021875 0.021875
1 0.4515625 0.6 0.0234375 0.021875
1 0.5125 0.60625 0.0234375 0.025
1 0.5390625 0.4984375 0.01875 0.01875
1 0.8 0.5203125 0.021875 0.021875
0 0.3328125 0.653125 0.025 0.0265625
2 0.1734375 0.503125 0.0203125 0.0203125
1 0.49375 0.4921875 0.01875 0.01875