2 0.40625 0.65 0.03125 0.03125
3 0.253125 0.4859375 0.028125 0.0265625
3 0.13203125 0.4421875 0.0296875 0.028125
3 0.40625 0.60078125 0.0296875 0.0296875
3 0.50234375 0.490625 0.0234375 0.025
3 0.3265625 0.6328125 0.0328125 0.0328125
1 0.2953125 0.37734375 0.0234375 0.0234375
1 0.215625 0.44296875 0.028125 0.0265625
1 0.21640625 0.51484375 0.028125 0.028125
1 0.259375 0.60234375 0.0328125 0.03125
1 0.29140625 0.475 0.0265625 0.028125
1 0.49140625 0.67109375 0.034375 0.0328125
1 0.68125 0.584375 0.028125 0.025
0 0.32578125 0.4984375 0.0265625 0.0265625
3 0.4515625 0.5109375 0.0265625 0.0265625
3 0.28359375 0.4453125 0.0265625 0.025