2 0.62109375 0.328125 0.01875 0.01875
1 0.4125 0.54375 0.0265625 0.028125
1 0.3765625 0.5265625 0.025 0.028125
1 0.3671875 0.50234375 0.025 0.0234375
1 0.4015625 0.51796875 0.025 0.0234375
1 0.42734375 0.5125 0.025 0.025
1 0.4375 0.48515625 0.025 0.025
1 0.4140625 0.48984375 0.025 0.021875
3 0.34375 0.51015625 0.025 0.0265625
3 0.36015625 0.5171875 0.025 0.0265625
3 0.39140625 0.4953125 0.0234375 0.0234375
3 0.38515625 0.51015625 0.025 0.0234375
3 0.39453125 0.534375 0.025 0.028125
3 0.41953125 0.52734375 0.028125 0.0265625
3 0.43359375 0.49765625 0.0265625 0.0265625
0 0.409375 0.503125 0.0265625 0.021875