3 0.24375 0.4703125 0.034375 0.0328125
3 0.4234375 0.4125 0.0265625 0.03125
3 0.4203125 0.384375 0.028125 0.0265625
3 0.6265625 0.315625 0.021875 0.025
3 0.6875 0.3953125 0.028125 0.03125
3 0.4203125 0.284375 0.021875 0.0234375
1 0.36875 0.39375 0.0265625 0.0296875
1 0.4921875 0.4375 0.028125 0.03125
1 0.525 0.3796875 0.0265625 0.028125
1 0.6421875 0.271875 0.0203125 0.0234375
1 0.475 0.2828125 0.0203125 0.021875
1 0.459375 0.315625 0.021875 0.0234375
1 0.4234375 0.3671875 0.028125 0.025
0 0.3171875 0.4515625 0.03125 0.03125