1 0.72421875 0.55703125 0.0328125 0.034375
1 0.67109375 0.38125 0.021875 0.025
1 0.39296875 0.4328125 0.0234375 0.025
1 0.4984375 0.37890625 0.0234375 0.025
1 0.49296875 0.33828125 0.0171875 0.01875
1 0.575 0.325 0.0171875 0.0171875
3 0.43828125 0.296875 0.0171875 0.01875
3 0.63125 0.4234375 0.0265625 0.0265625
3 0.6171875 0.31328125 0.01875 0.0203125
3 0.5453125 0.3375 0.021875 0.021875
3 0.64609375 0.58359375 0.034375 0.034375
2 0.365625 0.42890625 0.021875 0.0234375
0 0.40078125 0.32265625 0.0171875 0.01875