3 0.24609375 0.45234375 0.0359375 0.034375
3 0.4296875 0.40703125 0.028125 0.0328125
3 0.42890625 0.37890625 0.0296875 0.028125
3 0.6390625 0.325 0.0234375 0.0265625
3 0.69453125 0.40859375 0.0296875 0.0328125
3 0.4359375 0.2796875 0.0234375 0.025
1 0.3765625 0.38515625 0.028125 0.03125
1 0.496875 0.43671875 0.0296875 0.0328125
1 0.53359375 0.38203125 0.028125 0.0296875
1 0.6578125 0.28203125 0.021875 0.025
1 0.48984375 0.28125 0.021875 0.0234375
1 0.47265625 0.31328125 0.0234375 0.025
1 0.4328125 0.3625 0.0296875 0.0265625
0 0.32109375 0.4390625 0.0328125 0.0328125