3 0.80078125 0.69375 0.0296875 0.0296875
3 0.16328125 0.4359375 0.028125 0.0265625
3 0.4109375 0.68671875 0.0328125 0.034375
3 0.7890625 0.70703125 0.0328125 0.03125
3 0.72265625 0.5859375 0.0265625 0.0265625
3 0.65234375 0.68515625 0.0328125 0.03125
3 0.69296875 0.66640625 0.03125 0.03125
1 0.359375 0.65625 0.0328125 0.0328125
1 0.42421875 0.50390625 0.025 0.0265625
1 0.31796875 0.6046875 0.0328125 0.03125
1 0.73828125 0.6546875 0.028125 0.028125
1 0.8078125 0.64375 0.0296875 0.0296875
0 0.47265625 0.55390625 0.0265625 0.028125
2 0.18984375 0.48125 0.028125 0.0265625
1 0.7046875 0.62265625 0.028125 0.028125