2 0.44921875 0.6921875 0.028125 0.028125
3 0.2640625 0.575 0.025 0.0234375
3 0.1359375 0.57734375 0.0265625 0.025
3 0.51328125 0.61484375 0.0265625 0.0265625
3 0.5171875 0.5015625 0.021875 0.021875
3 0.17421875 0.67265625 0.03125 0.028125
1 0.28671875 0.45625 0.0203125 0.0203125
1 0.21484375 0.54921875 0.025 0.0234375
1 0.240625 0.615625 0.025 0.025
1 0.3890625 0.6546875 0.0265625 0.0265625
1 0.29609375 0.5515625 0.0234375 0.025
1 0.590625 0.65703125 0.028125 0.0296875
1 0.740625 0.62265625 0.0296875 0.0296875
0 0.33671875 0.5609375 0.0234375 0.0234375
3 0.45859375 0.528125 0.0234375 0.0234375
3 0.278125 0.5265625 0.0234375 0.021875