1 0.7125 0.4421875 0.01875 0.0203125
1 0.7234375 0.6421875 0.0265625 0.0234375
1 0.378125 0.5046875 0.0203125 0.0203125
3 0.2765625 0.5015625 0.021875 0.021875
3 0.2125 0.6234375 0.025 0.025
3 0.275 0.534375 0.0234375 0.0234375
3 0.5171875 0.503125 0.0203125 0.021875
2 0.2203125 0.55625 0.0234375 0.0203125
0 0.33125 0.54375 0.021875 0.021875
3 0.1234375 0.5421875 0.025 0.021875
1 0.8734375 0.6234375 0.028125 0.025
1 0.3484375 0.49375 0.021875 0.0234375
1 0.29375 0.4328125 0.01875 0.0171875
1 0.2109375 0.51875 0.021875 0.021875
3 0.45625 0.5234375 0.021875 0.021875