3 0.6953125 0.665625 0.025 0.0265625
3 0.1546875 0.5171875 0.0234375 0.021875
3 0.10703125 0.54609375 0.025 0.0234375
3 0.31875 0.5171875 0.021875 0.021875
3 0.5515625 0.58828125 0.0234375 0.0234375
3 0.45546875 0.54921875 0.021875 0.021875
3 0.62109375 0.62265625 0.0234375 0.025
1 0.740625 0.48828125 0.021875 0.021875
1 0.403125 0.678125 0.028125 0.0265625
1 0.64296875 0.70703125 0.0265625 0.025
1 0.625 0.67734375 0.0265625 0.0265625
1 0.80078125 0.54140625 0.0234375 0.025
0 0.35390625 0.43984375 0.0203125 0.01875
2 0.94765625 0.7140625 0.028125 0.0265625
1 0.3796875 0.57109375 0.0234375 0.021875