1 0.6484375 0.4734375 0.025 0.0265625
2 0.44921875 0.37109375 0.01875 0.0203125
1 0.54375 0.29609375 0.0171875 0.01875
0 0.51484375 0.42578125 0.0234375 0.025
3 0.40703125 0.34375 0.01875 0.01875
3 0.3859375 0.31796875 0.01875 0.01875
3 0.4734375 0.4734375 0.0265625 0.025
3 0.615625 0.3125 0.01875 0.01875
1 0.60625 0.55234375 0.028125 0.028125
3 0.4 0.325 0.01875 0.01875
3 0.42265625 0.36328125 0.0203125 0.0203125
1 0.575 0.31796875 0.0171875 0.01875
3 0.53359375 0.5421875 0.028125 0.028125
1 0.38515625 0.49375 0.025 0.0265625
1 0.4828125 0.34921875 0.01875 0.021875