3 0.6984375 0.6625 0.025 0.0265625
3 0.1546875 0.5234375 0.0234375 0.021875
3 0.1078125 0.553125 0.025 0.0234375
3 0.31875 0.5203125 0.021875 0.021875
3 0.553125 0.5875 0.0234375 0.0234375
3 0.45625 0.55 0.021875 0.021875
3 0.6234375 0.6203125 0.0234375 0.025
1 0.740625 0.484375 0.021875 0.021875
1 0.40625 0.6796875 0.028125 0.0265625
1 0.646875 0.7046875 0.0265625 0.025
1 0.628125 0.675 0.0265625 0.0265625
1 0.8015625 0.5359375 0.0234375 0.025
0 0.353125 0.4421875 0.0203125 0.01875
2 0.9515625 0.70625 0.028125 0.0265625
1 0.38125 0.5734375 0.0234375 0.021875