1 0.6921875 0.3921875 0.0234375 0.025
1 0.7515625 0.58359375 0.03125 0.0296875
1 0.3828125 0.534375 0.025 0.025
3 0.28359375 0.55546875 0.0265625 0.0265625
3 0.25078125 0.6890625 0.0296875 0.0296875
3 0.28984375 0.5875 0.028125 0.028125
3 0.5171875 0.49921875 0.025 0.0265625
2 0.2421875 0.621875 0.028125 0.025
0 0.346875 0.58359375 0.0265625 0.0265625
3 0.14453125 0.63203125 0.0296875 0.0265625
1 0.8921875 0.5296875 0.0328125 0.03125
1 0.3515625 0.53046875 0.0265625 0.028125
1 0.28359375 0.484375 0.021875 0.021875
1 0.22421875 0.58828125 0.0265625 0.0265625
3 0.46328125 0.53359375 0.0265625 0.0265625