1 0.37265625 0.3453125 0.01875 0.01875
2 0.43828125 0.459375 0.0234375 0.0234375
1 0.39921875 0.3046875 0.0171875 0.01875
1 0.3125 0.55859375 0.0296875 0.0296875
0 0.44140625 0.490625 0.025 0.025
3 0.42265625 0.36328125 0.0203125 0.0203125
3 0.3625 0.53515625 0.028125 0.028125
3 0.60859375 0.53984375 0.028125 0.0265625
3 0.63671875 0.54140625 0.028125 0.028125
3 0.665625 0.56015625 0.0296875 0.0296875
3 0.63984375 0.57265625 0.0296875 0.0296875
3 0.60390625 0.56796875 0.0296875 0.0296875
1 0.5875 0.553125 0.028125 0.028125
1 0.6234375 0.55625 0.03125 0.03125