1 0.2921875 0.4328125 0.01875 0.0203125
1 0.7125 0.4421875 0.0203125 0.0203125
1 0.8140625 0.6375 0.0265625 0.0234375
3 0.2765625 0.5 0.021875 0.0203125
3 0.2125 0.6234375 0.025 0.025
3 0.45625 0.5234375 0.021875 0.021875
3 0.5171875 0.503125 0.0203125 0.0203125
2 0.328125 0.5328125 0.021875 0.0203125
0 0.36875 0.5609375 0.0234375 0.021875
1 0.8625 0.609375 0.0265625 0.025
1 0.2109375 0.5203125 0.0171875 0.01875
3 0.1578125 0.525 0.021875 0.021875
1 0.7234375 0.6421875 0.025 0.025
1 0.3765625 0.5046875 0.021875 0.0203125