1 0.8265625 0.5921875 0.025 0.025
1 0.72890625 0.60703125 0.025 0.025
1 0.465625 0.60625 0.0234375 0.025
1 0.4265625 0.5140625 0.021875 0.021875
1 0.33515625 0.63046875 0.028125 0.028125
1 0.4265625 0.67734375 0.028125 0.0296875
3 0.15703125 0.4890625 0.025 0.0234375
3 0.03515625 0.63515625 0.03125 0.0296875
3 0.33828125 0.5140625 0.0234375 0.0234375
3 0.58515625 0.575 0.028125 0.028125
3 0.64921875 0.5484375 0.028125 0.028125
3 0.6828125 0.6625 0.0296875 0.0296875
3 0.82734375 0.64296875 0.028125 0.028125
0 0.48125 0.5578125 0.0234375 0.025
2 0.1640625 0.52578125 0.025 0.025