1 0.6203125 0.57421875 0.0296875 0.0296875
2 0.74453125 0.6328125 0.0328125 0.0296875
1 0.62265625 0.40234375 0.0203125 0.021875
0 0.30625 0.56484375 0.03125 0.0296875
3 0.5265625 0.371875 0.0203125 0.0203125
3 0.6203125 0.43671875 0.025 0.0234375
3 0.33515625 0.44296875 0.025 0.025
3 0.68515625 0.4109375 0.021875 0.0234375
1 0.80703125 0.68125 0.0359375 0.03125
3 0.54453125 0.3984375 0.0203125 0.021875
3 0.5 0.3828125 0.0203125 0.021875
1 0.5859375 0.32734375 0.0171875 0.01875
3 0.5859375 0.48125 0.0234375 0.025
1 0.68203125 0.43125 0.021875 0.0234375