1 0.70546875 0.4203125 0.0203125 0.021875
1 0.73671875 0.61796875 0.028125 0.0265625
1 0.37890625 0.5171875 0.021875 0.021875
3 0.278125 0.525 0.0234375 0.0234375
3 0.22734375 0.653125 0.028125 0.028125
3 0.2796875 0.5578125 0.025 0.025
3 0.5171875 0.5015625 0.021875 0.0234375
2 0.22734375 0.58515625 0.025 0.021875
0 0.33671875 0.5609375 0.0234375 0.0234375
3 0.1296875 0.58125 0.0265625 0.025
1 0.884375 0.58359375 0.03125 0.028125
1 0.3484375 0.509375 0.0234375 0.025
1 0.2875 0.4546875 0.0203125 0.01875
1 0.21484375 0.54921875 0.0234375 0.0234375
3 0.45859375 0.528125 0.0234375 0.0234375