2 0.27578125 0.23125 0.040625 0.0421875
1 0.2234375 0.2265625 0.0421875 0.04375
1 0.19765625 0.26640625 0.046875 0.04375
1 0.09140625 0.39609375 0.0578125 0.0578125
1 0.203125 0.47734375 0.0625 0.059375
1 0.2921875 0.4546875 0.05625 0.0546875
1 0.51015625 0.66484375 0.0640625 0.065625
1 0.72265625 0.4203125 0.046875 0.0484375
0 0.75546875 0.54765625 0.0578125 0.0578125
3 0.70234375 0.3328125 0.04375 0.0484375
3 0.61015625 0.32421875 0.0484375 0.05
3 0.6359375 0.34375 0.0453125 0.0484375
3 0.2421875 0.2921875 0.0484375 0.05
3 0.50625 0.4875 0.053125 0.05625
3 0.02265625 0.50859375 0.0453125 0.0671875