1 0.625 0.565625 0.028125 0.028125
2 0.753125 0.615625 0.03125 0.028125
1 0.615625 0.39375 0.01875 0.0203125
0 0.3109375 0.578125 0.0296875 0.028125
3 0.5171875 0.3703125 0.01875 0.01875
3 0.615625 0.428125 0.0234375 0.021875
3 0.33125 0.4546875 0.0234375 0.0234375
3 0.678125 0.3984375 0.0203125 0.021875
1 0.81875 0.659375 0.034375 0.0296875
3 0.5375 0.3953125 0.01875 0.0203125
3 0.4921875 0.3828125 0.01875 0.0203125
1 0.5734375 0.321875 0.015625 0.0171875
3 0.584375 0.475 0.021875 0.0234375
1 0.6765625 0.41875 0.0203125 0.021875