2 0.70859375 0.53046875 0.0234375 0.021875
3 0.23671875 0.5921875 0.025 0.025
3 0.2453125 0.55859375 0.0234375 0.0203125
3 0.26328125 0.56484375 0.0234375 0.0203125
3 0.2828125 0.5734375 0.0234375 0.025
3 0.3234375 0.5546875 0.0234375 0.0234375
3 0.30625 0.54609375 0.0234375 0.0203125
3 0.271875 0.5328125 0.0234375 0.0203125
1 0.25625 0.5265625 0.0234375 0.0171875
1 0.25078125 0.5421875 0.021875 0.01875
1 0.2671875 0.54921875 0.021875 0.01875
1 0.28984375 0.53984375 0.021875 0.01875
1 0.30390625 0.5640625 0.0234375 0.0234375
1 0.2421875 0.57421875 0.0234375 0.0203125
1 0.26015625 0.5828125 0.0234375 0.0234375
0 0.284375 0.55546875 0.025 0.021875