1 0.8125 0.63125 0.028125 0.028125
1 0.7140625 0.634375 0.028125 0.028125
1 0.45234375 0.6015625 0.0265625 0.028125
1 0.425 0.50546875 0.025 0.025
1 0.32109375 0.609375 0.0296875 0.0296875
1 0.40546875 0.6671875 0.0296875 0.03125
3 0.1609375 0.44765625 0.028125 0.0265625
3 0.021875 0.57734375 0.0328125 0.0328125
3 0.3375 0.49453125 0.0265625 0.0265625
3 0.575 0.584375 0.0296875 0.0296875
3 0.6421875 0.56640625 0.0296875 0.0296875
3 0.66171875 0.6828125 0.03125 0.03125
3 0.8078125 0.68203125 0.0296875 0.0296875
0 0.47421875 0.5546875 0.0265625 0.028125
2 0.16328125 0.48515625 0.028125 0.028125