1 0.28828125 0.44765625 0.0203125 0.021875
1 0.7078125 0.42734375 0.021875 0.021875
1 0.82265625 0.615625 0.028125 0.025
3 0.27734375 0.515625 0.0234375 0.021875
3 0.221875 0.64296875 0.0265625 0.0265625
3 0.4578125 0.5265625 0.0234375 0.0234375
3 0.5171875 0.5015625 0.021875 0.021875
2 0.33046875 0.54453125 0.0234375 0.021875
0 0.3734375 0.5703125 0.025 0.0234375
1 0.86953125 0.58359375 0.028125 0.0265625
1 0.21328125 0.540625 0.01875 0.0203125
3 0.16015625 0.5484375 0.0234375 0.0234375
1 0.7328125 0.6265625 0.0265625 0.0265625
1 0.37734375 0.51328125 0.0234375 0.021875