2 0.2171875 0.29375 0.0328125 0.0359375
1 0.165625 0.3015625 0.034375 0.0359375
1 0.15 0.346875 0.0390625 0.0359375
1 0.078125 0.4984375 0.0484375 0.046875
1 0.20625 0.55 0.0515625 0.0484375
1 0.2875 0.50625 0.046875 0.0453125
1 0.55 0.6578125 0.053125 0.0546875
1 0.696875 0.36875 0.0375 0.040625
0 0.759375 0.484375 0.0484375 0.046875
3 0.65625 0.2890625 0.034375 0.040625
3 0.5640625 0.303125 0.0390625 0.0421875
3 0.59375 0.315625 0.0359375 0.040625
3 0.2 0.3609375 0.0390625 0.0421875
3 0.503125 0.4859375 0.04375 0.046875
3 0.028125 0.6265625 0.05625 0.0546875