2 0.70625 0.5453125 0.021875 0.0203125
3 0.23125 0.5734375 0.0234375 0.0234375
3 0.2421875 0.540625 0.021875 0.01875
3 0.259375 0.5484375 0.021875 0.01875
3 0.278125 0.5578125 0.021875 0.0234375
3 0.3203125 0.5421875 0.021875 0.021875
3 0.303125 0.5328125 0.021875 0.01875
3 0.2703125 0.5171875 0.021875 0.01875
1 0.2546875 0.509375 0.021875 0.015625
1 0.2484375 0.525 0.0203125 0.0171875
1 0.2640625 0.5328125 0.0203125 0.0171875
1 0.2875 0.525 0.0203125 0.0171875
1 0.3 0.55 0.021875 0.021875
1 0.2375 0.55625 0.021875 0.01875
1 0.2546875 0.565625 0.021875 0.021875
0 0.28125 0.540625 0.0234375 0.0203125