1 0.4859375 0.45 0.01875 0.01875
1 0.7890625 0.6984375 0.0296875 0.0265625
1 0.5828125 0.565625 0.0234375 0.0234375
3 0.2765625 0.5015625 0.021875 0.021875
3 0.2125 0.6234375 0.025 0.025
3 0.8328125 0.6296875 0.025 0.0234375
3 0.6953125 0.64375 0.0265625 0.0265625
2 0.3015625 0.63125 0.0234375 0.0234375
0 0.4375 0.5125 0.021875 0.0203125
3 0.778125 0.4390625 0.0203125 0.0203125
1 0.8625 0.609375 0.028125 0.025
1 0.4625 0.534375 0.0203125 0.0203125
1 0.29375 0.4328125 0.01875 0.0171875
1 0.2109375 0.51875 0.021875 0.021875
3 0.1578125 0.525 0.021875 0.021875