2 0.48125 0.67578125 0.0296875 0.0296875
3 0.271875 0.5953125 0.0265625 0.0265625
3 0.14375 0.609375 0.028125 0.0265625
3 0.46015625 0.63203125 0.028125 0.0296875
3 0.4984375 0.490625 0.021875 0.0234375
3 0.40234375 0.6953125 0.03125 0.03125
1 0.26171875 0.4796875 0.021875 0.021875
1 0.21953125 0.5734375 0.0265625 0.0265625
1 0.2515625 0.6375 0.028125 0.028125
1 0.328125 0.69765625 0.03125 0.0296875
1 0.3015625 0.56875 0.0265625 0.0265625
1 0.5671875 0.65703125 0.0328125 0.03125
1 0.7 0.49609375 0.0265625 0.025
0 0.34296875 0.575 0.025 0.025
3 0.46171875 0.53125 0.025 0.025
3 0.28125 0.5453125 0.025 0.0234375