3 0.4671875 0.434375 0.0203125 0.01875
3 0.159375 0.6375 0.025 0.025
3 0.1359375 0.696875 0.0296875 0.021875
3 0.3671875 0.6234375 0.0234375 0.0234375
3 0.3921875 0.6890625 0.025 0.025
3 0.446875 0.6859375 0.0234375 0.025
3 0.5234375 0.7046875 0.0265625 0.0265625
1 0.525 0.66875 0.025 0.028125
1 0.4515625 0.6 0.025 0.0234375
1 0.4953125 0.4921875 0.0203125 0.0203125
1 0.5390625 0.4984375 0.01875 0.0203125
1 0.6015625 0.553125 0.021875 0.01875
1 0.8 0.5203125 0.021875 0.021875
0 0.521875 0.60625 0.021875 0.025
2 0.725 0.6078125 0.0234375 0.0234375
1 0.059375 0.6640625 0.0296875 0.0296875