1 0.83828125 0.52265625 0.025 0.025
1 0.74609375 0.55703125 0.025 0.025
1 0.628125 0.5953125 0.0234375 0.025
1 0.43046875 0.52890625 0.021875 0.021875
1 0.36640625 0.66171875 0.028125 0.028125
1 0.46484375 0.6890625 0.028125 0.0296875
3 0.1625 0.5609375 0.025 0.0234375
3 0.0734375 0.72890625 0.03125 0.0296875
3 0.6859375 0.47734375 0.0234375 0.0234375
3 0.5984375 0.55546875 0.028125 0.028125
3 0.65546875 0.51640625 0.028125 0.028125
3 0.7125 0.6203125 0.0296875 0.0296875
3 0.85 0.571875 0.028125 0.028125
0 0.49375 0.56015625 0.0234375 0.025