1 0.38671875 0.33515625 0.0171875 0.0171875
2 0.4421875 0.45390625 0.021875 0.021875
1 0.41640625 0.296875 0.015625 0.0171875
1 0.3078125 0.54140625 0.0296875 0.0296875
0 0.44296875 0.48515625 0.025 0.025
3 0.434375 0.35703125 0.01875 0.01875
3 0.36015625 0.5234375 0.028125 0.028125
3 0.6046875 0.54921875 0.028125 0.0265625
3 0.6328125 0.553125 0.028125 0.028125
3 0.66015625 0.57421875 0.0296875 0.0296875
3 0.6328125 0.584375 0.0296875 0.0296875
3 0.59765625 0.5765625 0.0296875 0.0296875
1 0.58203125 0.5609375 0.028125 0.028125
1 0.61796875 0.56640625 0.03125 0.03125