2 0.14296875 0.528125 0.0234375 0.0234375
3 0.22421875 0.64765625 0.0265625 0.0265625
3 0.1609375 0.5546875 0.0234375 0.0234375
3 0.71015625 0.62421875 0.0265625 0.0265625
3 0.84296875 0.6 0.0296875 0.028125
3 0.31015625 0.56875 0.025 0.025
1 0.465625 0.446875 0.01875 0.0203125
1 0.1796875 0.5890625 0.025 0.0234375
1 0.8703125 0.57734375 0.028125 0.0265625
1 0.48125 0.4515625 0.0203125 0.01875
1 0.465625 0.5375 0.0234375 0.0234375
1 0.80546875 0.67265625 0.0296875 0.0296875
1 0.68125 0.471875 0.021875 0.0203125
0 0.4328125 0.51875 0.021875 0.021875