2 0.33125 0.53125 0.021875 0.0203125
3 0.146875 0.5546875 0.028125 0.0234375
3 0.1546875 0.521875 0.0234375 0.021875
3 0.7640625 0.7015625 0.028125 0.0265625
3 0.6953125 0.675 0.028125 0.0265625
3 0.4640625 0.703125 0.0265625 0.028125
1 0.1703125 0.534375 0.025 0.021875
1 0.2046875 0.4796875 0.021875 0.0203125
1 0.3234375 0.6796875 0.0265625 0.0265625
1 0.4046875 0.6875 0.0265625 0.025
1 0.328125 0.6484375 0.025 0.025
1 0.83125 0.7015625 0.028125 0.0265625
0 0.3484375 0.5609375 0.0234375 0.021875
3 0.475 0.534375 0.021875 0.021875
3 0.3453125 0.4328125 0.021875 0.01875