1 0.96640625 0.6015625 0.0671875 0.0625
1 0.3546875 0.54609375 0.0546875 0.0515625
1 0.3734375 0.47734375 0.046875 0.046875
1 0.3125 0.328125 0.0390625 0.040625
1 0.678125 0.58125 0.0578125 0.0578125
1 0.93359375 0.28984375 0.0453125 0.046875
1 0.85859375 0.3640625 0.05 0.046875
3 0.36640625 0.4296875 0.05 0.0484375
3 0.3921875 0.7046875 0.0640625 0.0671875
3 0.8046875 0.44140625 0.0546875 0.053125
3 0.721875 0.24921875 0.0390625 0.0421875
3 0.8109375 0.21484375 0.0421875 0.040625
3 0.88984375 0.2484375 0.04375 0.04375
2 0.37890625 0.3125 0.0390625 0.0390625