1 0.29140625 0.43671875 0.01875 0.0203125
1 0.71171875 0.43828125 0.0203125 0.0203125
1 0.81640625 0.63203125 0.0265625 0.0234375
3 0.2765625 0.50390625 0.021875 0.0203125
3 0.21484375 0.628125 0.025 0.025
3 0.45703125 0.52421875 0.021875 0.021875
3 0.5171875 0.503125 0.0203125 0.0203125
2 0.32890625 0.5359375 0.021875 0.0203125
0 0.36953125 0.56328125 0.0234375 0.021875
1 0.8640625 0.603125 0.0265625 0.025
1 0.21171875 0.525 0.0171875 0.01875
3 0.15859375 0.53125 0.021875 0.021875
1 0.72578125 0.63828125 0.025 0.025
1 0.3765625 0.50703125 0.021875 0.0203125