3 0.78359375 0.67265625 0.03125 0.0296875
3 0.1625 0.5609375 0.025 0.0234375
3 0.48359375 0.70625 0.0296875 0.03125
3 0.7203125 0.54765625 0.025 0.025
3 0.7390625 0.5 0.0234375 0.0234375
3 0.70859375 0.61796875 0.0296875 0.028125
3 0.6671875 0.584375 0.025 0.025
1 0.425 0.69609375 0.0296875 0.0296875
1 0.23515625 0.5640625 0.025 0.0234375
1 0.3484375 0.66015625 0.028125 0.028125
1 0.85078125 0.665625 0.03125 0.0296875
1 0.87890625 0.51796875 0.0265625 0.0265625
0 0.49375 0.56015625 0.0234375 0.025
2 0.84453125 0.60703125 0.028125 0.0265625
1 0.3453125 0.715625 0.03125 0.028125