1 0.640625 0.3515625 0.0171875 0.01875
2 0.7515625 0.615625 0.0296875 0.0296875
3 0.6015625 0.315625 0.015625 0.0171875
1 0.528125 0.4109375 0.0203125 0.0203125
1 0.81875 0.6609375 0.034375 0.03125
1 0.625 0.565625 0.028125 0.028125
1 0.678125 0.4125 0.0203125 0.0203125
3 0.3828125 0.3171875 0.015625 0.0171875
3 0.675 0.4 0.0203125 0.0203125
3 0.4546875 0.3328125 0.0171875 0.0171875
0 0.646875 0.4046875 0.0203125 0.021875
3 0.5109375 0.359375 0.0171875 0.01875
3 0.4734375 0.4703125 0.0234375 0.0234375