3 0.3546875 0.60859375 0.0265625 0.0265625
3 0.146875 0.60078125 0.0265625 0.0265625
3 0.1171875 0.6578125 0.0296875 0.0265625
3 0.47734375 0.4328125 0.0203125 0.0203125
3 0.3984375 0.58515625 0.025 0.025
3 0.35546875 0.6796875 0.028125 0.0296875
3 0.5671875 0.6671875 0.028125 0.0296875
1 0.5953125 0.56328125 0.0234375 0.0234375
1 0.44140625 0.59453125 0.025 0.0234375
1 0.5015625 0.60703125 0.0265625 0.0265625
1 0.5390625 0.50234375 0.0203125 0.0203125
1 0.79609375 0.5515625 0.0234375 0.0234375
0 0.31796875 0.63515625 0.028125 0.0296875
2 0.175 0.46875 0.021875 0.021875
1 0.49453125 0.49140625 0.0203125 0.0203125