2 0.24453125 0.2609375 0.0375 0.0390625
1 0.1921875 0.2625 0.0390625 0.040625
1 0.17109375 0.30546875 0.04375 0.040625
1 0.08125 0.446875 0.053125 0.053125
1 0.20234375 0.5140625 0.0578125 0.0546875
1 0.28828125 0.48046875 0.0515625 0.05
1 0.53046875 0.6625 0.059375 0.0609375
1 0.71171875 0.39375 0.0421875 0.0453125
0 0.759375 0.51640625 0.053125 0.053125
3 0.68046875 0.309375 0.0390625 0.04375
3 0.5875 0.3125 0.04375 0.046875
3 0.615625 0.328125 0.040625 0.0453125
3 0.21953125 0.32578125 0.04375 0.046875
3 0.5046875 0.48671875 0.0484375 0.0515625
3 0.0234375 0.56796875 0.046875 0.0609375