2 0.58984375 0.309375 0.0203125 0.0203125
1 0.421875 0.5578125 0.03125 0.0328125
1 0.38359375 0.54765625 0.0296875 0.03125
1 0.36953125 0.525 0.028125 0.0265625
1 0.40546875 0.53515625 0.028125 0.0265625
1 0.43046875 0.525 0.028125 0.028125
1 0.4359375 0.49609375 0.028125 0.028125
1 0.4140625 0.50546875 0.028125 0.025
3 0.3484375 0.5375 0.0296875 0.0296875
3 0.365625 0.540625 0.0296875 0.0296875
3 0.3921875 0.5140625 0.0265625 0.0265625
3 0.38828125 0.5296875 0.028125 0.0265625
3 0.40234375 0.55234375 0.0296875 0.03125
3 0.425 0.54140625 0.0328125 0.03125
3 0.434375 0.509375 0.03125 0.03125
0 0.4109375 0.51875 0.0296875 0.0265625