2 0.5328125 0.49921875 0.0203125 0.0203125
3 0.11171875 0.56484375 0.025 0.0234375
3 0.15546875 0.53359375 0.0234375 0.0234375
3 0.5390625 0.584375 0.0234375 0.0234375
3 0.70390625 0.65546875 0.0296875 0.028125
3 0.39140625 0.65234375 0.028125 0.0265625
1 0.68515625 0.484375 0.0203125 0.01875
1 0.41953125 0.521875 0.0203125 0.0203125
1 0.65390625 0.69921875 0.028125 0.028125
1 0.4125 0.6828125 0.0265625 0.028125
1 0.634375 0.6703125 0.028125 0.028125
0 0.35 0.44765625 0.01875 0.01875
3 0.4953125 0.5390625 0.021875 0.021875
3 0.1921875 0.546875 0.0234375 0.0234375