3 0.390625 0.64453125 0.028125 0.028125
3 0.18828125 0.69453125 0.028125 0.028125
3 0.17578125 0.75703125 0.03125 0.028125
3 0.459375 0.4421875 0.021875 0.021875
3 0.42578125 0.61015625 0.0265625 0.0265625
3 0.41015625 0.7125 0.0296875 0.03125
3 0.6109375 0.6421875 0.0296875 0.03125
1 0.609375 0.534375 0.025 0.025
1 0.46953125 0.60703125 0.0265625 0.025
1 0.53046875 0.60234375 0.028125 0.028125
1 0.53828125 0.49140625 0.021875 0.021875
1 0.79921875 0.46796875 0.025 0.025
0 0.36171875 0.6796875 0.0296875 0.03125
2 0.17890625 0.56015625 0.0234375 0.0234375
1 0.4921875 0.49375 0.021875 0.021875