3 0.2640625 0.4203125 0.0296875 0.028125
3 0.65078125 0.44453125 0.0265625 0.0265625
3 0.65703125 0.5421875 0.03125 0.03125
3 0.46640625 0.57578125 0.034375 0.034375
3 0.40078125 0.43828125 0.028125 0.028125
3 0.39765625 0.40546875 0.0265625 0.028125
3 0.28046875 0.4046875 0.028125 0.028125
1 0.3171875 0.38203125 0.0265625 0.0265625
1 0.3234375 0.53671875 0.0359375 0.034375
1 0.36484375 0.4875 0.0328125 0.0328125
1 0.534375 0.5421875 0.0328125 0.034375
1 0.571875 0.47109375 0.0265625 0.028125
2 0.5015625 0.34609375 0.0203125 0.021875
0 0.49140625 0.4703125 0.028125 0.028125
1 0.603125 0.46640625 0.0265625 0.028125
1 0.425 0.41875 0.0265625 0.0265625