2 0.328125 0.5015625 0.025 0.0234375
3 0.14296875 0.4921875 0.03125 0.028125
3 0.15625 0.46171875 0.0265625 0.025
3 0.725 0.74453125 0.0328125 0.03125
3 0.66171875 0.70625 0.0328125 0.03125
3 0.4296875 0.69375 0.03125 0.0328125
1 0.16953125 0.4765625 0.028125 0.0265625
1 0.2125 0.42890625 0.025 0.0234375
1 0.29453125 0.64609375 0.03125 0.03125
1 0.3734375 0.66796875 0.03125 0.0296875
1 0.3046875 0.61640625 0.0296875 0.0296875
1 0.79140625 0.75625 0.0328125 0.03125
0 0.33984375 0.53359375 0.0265625 0.025
3 0.46953125 0.5296875 0.025 0.025
3 0.359375 0.40703125 0.025 0.021875