3 0.2421875 0.48359375 0.0359375 0.034375
3 0.41875 0.41640625 0.028125 0.0328125
3 0.4140625 0.3890625 0.0296875 0.028125
3 0.61640625 0.309375 0.0234375 0.0265625
3 0.68203125 0.3859375 0.0296875 0.0328125
3 0.409375 0.2890625 0.0234375 0.025
1 0.36328125 0.40078125 0.028125 0.03125
1 0.4890625 0.43828125 0.0296875 0.0328125
1 0.51875 0.37890625 0.028125 0.0296875
1 0.6296875 0.26484375 0.021875 0.025
1 0.46328125 0.284375 0.021875 0.0234375
1 0.45 0.31796875 0.0234375 0.025
1 0.41640625 0.37109375 0.0296875 0.0265625
0 0.31484375 0.4609375 0.0328125 0.0328125