3 0.7109375 0.33125 0.01875 0.01875
3 0.6328125 0.409375 0.021875 0.021875
3 0.6625 0.503125 0.025 0.0265625
3 0.4859375 0.58125 0.028125 0.028125
3 0.2375 0.4703125 0.0234375 0.0234375
3 0.253125 0.4796875 0.025 0.0234375
3 0.2625 0.446875 0.0234375 0.021875
1 0.29375 0.4296875 0.021875 0.021875
1 0.3375 0.578125 0.0296875 0.028125
1 0.46875 0.521875 0.0265625 0.025
1 0.5859375 0.5515625 0.0265625 0.0265625
1 0.5625 0.4546875 0.021875 0.021875
1 0.5921875 0.4421875 0.021875 0.0234375
2 0.271875 0.496875 0.0234375 0.0234375
0 0.484375 0.4734375 0.0234375 0.0234375