3 0.79765625 0.31484375 0.0234375 0.021875
3 0.61875 0.39140625 0.025 0.025
3 0.66171875 0.48046875 0.028125 0.0296875
3 0.49765625 0.58203125 0.03125 0.03125
3 0.79140625 0.3375 0.025 0.0234375
3 0.52578125 0.3703125 0.021875 0.0234375
3 0.25703125 0.48046875 0.0265625 0.025
1 0.2859375 0.459375 0.025 0.025
1 0.35 0.6 0.0328125 0.03125
1 0.471875 0.52578125 0.0296875 0.028125
1 0.5921875 0.5390625 0.0296875 0.0296875
1 0.584375 0.2890625 0.0171875 0.01875
2 0.22890625 0.54921875 0.0265625 0.0265625
0 0.48046875 0.47578125 0.0265625 0.0265625