3 0.7046875 0.32421875 0.01875 0.01875
3 0.6296875 0.4046875 0.021875 0.021875
3 0.6625 0.49765625 0.0265625 0.028125
3 0.4890625 0.58203125 0.0296875 0.0296875
3 0.23671875 0.4796875 0.025 0.025
3 0.25234375 0.48828125 0.0265625 0.025
3 0.2609375 0.45546875 0.0234375 0.0234375
1 0.29140625 0.43671875 0.021875 0.021875
1 0.340625 0.58359375 0.03125 0.0296875
1 0.46953125 0.52265625 0.028125 0.0265625
1 0.5875 0.5484375 0.028125 0.028125
1 0.5609375 0.45234375 0.021875 0.021875
1 0.58984375 0.4390625 0.0234375 0.0234375
2 0.271875 0.5046875 0.025 0.025
0 0.48359375 0.47421875 0.025 0.025