1 0.25859375 0.65 0.028125 0.028125
1 0.2828125 0.48671875 0.0234375 0.021875
1 0.22421875 0.58828125 0.0265625 0.0265625
1 0.30546875 0.57734375 0.0265625 0.0265625
1 0.75546875 0.5875 0.03125 0.03125
1 0.6109375 0.64296875 0.0328125 0.0328125
3 0.28359375 0.55546875 0.0265625 0.0265625
3 0.14296875 0.63203125 0.028125 0.0265625
3 0.25078125 0.6890625 0.0296875 0.0296875
3 0.51796875 0.5 0.025 0.0265625
3 0.46328125 0.53359375 0.025 0.0265625
2 0.17265625 0.621875 0.0265625 0.0265625
0 0.346875 0.58359375 0.0265625 0.0265625
3 0.27734375 0.60703125 0.0265625 0.0265625
1 0.41171875 0.66875 0.028125 0.028125